-5 -5 0 0
-5 -4.75 0 0
-5 -4.5 0 0
-5 -4.25 0 0
-5 -4 0 0
-5 -3.75 0 0
-5 -3.5 0 0
-5 -3.25 0 0
-5 -3 0 0
-5 -2.75 0 0
-5 -2.5 0 0
-5 -2.25 0 0
-5 -2 0 0
-5 -1.75 0 0
-5 -1.5 0 0
-5 -1.25 0 0
-5 -1 0 0
-5 -0.75 0 0
-5 -0.5 0 0
-5 -0.25 0 0
-5 0 0 0
-5 0.25 0 0
-5 0.5 0 0
-5 0.75 0 0
-5 1 0 0
-5 1.25 0 0
-5 1.5 0 0
-5 1.75 0 0
-5 2 0 0
-5 2.25 0 0
-5 2.5 0 0
-5 2.75 0 0
-5 3 0 0
-5 3.25 0 0
-5 3.5 0 0
-5 3.75 0 0
-5 4 0 0
-5 4.25 0 0
-5 4.5 0 0
-5 4.75 0 0
-5 5 0 0
-4.75 -5 0 0
-4.75 -4.75 0.0120113 0.0119543
-4.75 -4.5 0.02397 0.0118645
-4.75 -4.25 0.0358148 0.0117001
-4.75 -4 0.0474672 0.0114386
-4.75 -3.75 0.0588217 0.0110474
-4.75 -3.5 0.0697349 0.0104835
-4.75 -3.25 0.0800151 0.0096931
-4.75 -3 0.0894106 0.00861325
-4.75 -2.75 0.0975998 0.00717523
-4.75 -2.5 0.104187 0.0053117
-4.75 -2.25 0.108703 0.00296856
-4.75 -2 0.110627 0.000122086
-4.75 -1.75 0.109423 -0.00320002
-4.75 -1.5 0.104603 -0.00689797
-4.75 -1.25 0.0958182 -0.0107874
-4.75 -1 0.0829558 -0.0146047
-4.75 -0.75 0.0662222 -0.0180352
-4.75 -0.5 0.0461812 -0.0207617
-4.75 -0.25 0.0237267 -0.0225161
-4.75 0 1.73958e-11 -0.0231214
-4.75 0.25 -0.0237267 -0.0225161
-4.75 0.5 -0.0461812 -0.0207617
-4.75 0.75 -0.0662222 -0.0180352
-4.75 1 -0.0829558 -0.0146047
-4.75 1.25 -0.0958182 -0.0107874
-4.75 1.5 -0.104603 -0.00689797
-4.75 1.75 -0.109423 -0.00320002
-4.75 2 -0.110627 0.000122086
-4.75 2.25 -0.108703 0.00296856
-4.75 2.5 -0.104187 0.0053117
-4.75 2.75 -0.0975998 0.00717523
-4.75 3 -0.0894106 0.00861325
-4.75 3.25 -0.0800151 0.0096931
-4.75 3.5 -0.0697349 0.0104835
-4.75 3.75 -0.0588217 0.0110474
-4.75 4 -0.0474672 0.0114386
-4.75 4.25 -0.0358148 0.0117001
-4.75 4.5 -0.02397 0.0118645
-4.75 4.75 -0.0120113 0.0119543
-4.75 5 0 0
-4.5 -5 0 0
-4.5 -4.75 0.0120924 0.02397
-4.5 -4.5 0.0241451 0.0238035
-4.5 -4.25 0.0361102 0.0234973
-4.5 -4 0.0479237 0.0230069
-4.5 -3.75 0.0594955 0.0222677
-4.5 -3.5 0.0706992 0.0211935
-4.5 -3.25 0.0813591 0.0196757
-4.5 -3 0.0912374 0.0175847
-4.5 -2.75 0.10002 0.014776
-4.5 -2.5 0.107303 0.011103
-4.5 -2.25 0.112592 0.00644046
-4.5 -2 0.115305 0.000719807
-4.5 -1.75 0.114811 -0.00602421
-4.5 -1.5 0.110493 -0.0136044
-4.5 -1.25 0.10186 -0.021647
-4.5 -1 0.0886801 -0.029596
-4.5 -0.75 0.0711071 -0.0367746
-4.5 -0.5 0.0497438 -0.0424955
-4.5 -0.25 0.0256041 -0.0461812
-4.5 0 1.58217e-11 -0.0474533
-4.5 0.25 -0.0256041 -0.0461812
-4.5 0.5 -0.0497438 -0.0424955
-4.5 0.75 -0.0711071 -0.0367746
-4.5 1 -0.0886801 -0.029596
-4.5 1.25 -0.10186 -0.021647
-4.5 1.5 -0.110493 -0.0136044
-4.5 1.75 -0.114811 -0.00602421
-4.5 2 -0.115305 0.000719807
-4.5 2.25 -0.112592 0.00644046
-4.5 2.5 -0.107303 0.011103
-4.5 2.75 -0.10002 0.014776
-4.5 3 -0.0912374 0.0175847
-4.5 3.25 -0.0813591 0.0196757
-4.5 3.5 -0.0706992 0.0211935
-4.5 3.75 -0.0594955 0.0222677
-4.5 4 -0.0479237 0.0230069
-4.5 4.25 -0.0361102 0.0234973
-4.5 4.5 -0.0241451 0.0238035
-4.5 4.75 -0.0120924 0.02397
-4.5 5 0 0
-4.25 -5 0 0
-4.25 -4.75 0.0122134 0.0360994
-4.25 -4.5 0.0244078 0.0358823
-4.25 -4.25 0.0365574 0.0354787
-4.25 -4 0.0486218 0.0348239
-4.25 -3.75 0.0605376 0.0338229
-4.25 -3.5 0.0722071 0.0323471
-4.25 -3.25 0.0834847 0.0302314
-4.25 -3 0.0941603 0.0272738
-4.25 -2.75 0.103938 0.023241
-4.25 -2.5 0.112415 0.0178839
-4.25 -2.25 0.119056 0.0109705
-4.25 -2 0.123191 0.00234089
-4.25 -1.75 0.124022 -0.00801218
-4.25 -1.5 0.120698 -0.0198486
-4.25 -1.25 0.112449 -0.0326003
-4.25 -1 0.0987973 -0.0453577
-4.25 -0.75 0.0797822 -0.0569715
-4.25 -0.5 0.0560828 -0.0662647
-4.25 -0.25 0.0289459 -0.0722599
-4.25 0 1.35244e-11 -0.0743296
-4.25 0.25 -0.0289459 -0.0722599
-4.25 0.5 -0.0560828 -0.0662647
-4.25 0.75 -0.0797822 -0.0569715
-4.25 1 -0.0987973 -0.0453577
-4.25 1.25 -0.112449 -0.0326003
-4.25 1.5 -0.120698 -0.0198486
-4.25 1.75 -0.124022 -0.00801218
-4.25 2 -0.123191 0.00234089
-4.25 2.25 -0.119056 0.0109705
-4.25 2.5 -0.112415 0.0178839
-4.25 2.75 -0.103938 0.023241
-4.25 3 -0.0941603 0.0272738
-4.25 3.25 -0.0834847 0.0302314
-4.25 3.5 -0.0722071 0.0323471
-4.25 3.75 -0.0605376 0.0338229
-4.25 4 -0.0486218 0.0348239
-4.25 4.25 -0.0365574 0.0354787
-4.25 4.5 -0.0244078 0.0358823
-4.25 4.75 -0.0122134 0.0360994
-4.25 5 0 0
-4 -5 0 0
-4 -4.75 0.0123533 0.0483777
-4 -4.5 0.0247153 0.0481475
-4 -4.25 0.0370896 0.0477113
-4 -4 0.0494686 0.0469871
-4 -3.75 0.061826 0.0458529
-4 -3.5 0.0741068 0.0441406
-4 -3.25 0.0862124 0.0416289
-4 -3 0.0979809 0.0380382
-4 -2.75 0.109158 0.0330303
-4 -2.5 0.119361 0.0262212
-4 -2.25 0.128028 0.0172166
-4 -2 0.13438 0.00568548
-4 -1.75 0.137389 -0.00851684
-4 -1.5 0.135828 -0.0251774
-4 -1.25 0.128441 -0.0435479
-4 -1 0.114278 -0.0622629
-4 -0.75 0.0931417 -0.0794891
-4 -0.5 0.0658592 -0.0933318
-4 -0.25 0.0340968 -0.102264
-4 0 1.06031e-11 -0.105345
-4 0.25 -0.0340968 -0.102264
-4 0.5 -0.0658592 -0.0933318
-4 0.75 -0.0931417 -0.0794891
-4 1 -0.114278 -0.0622629
-4 1.25 -0.128441 -0.0435479
-4 1.5 -0.135828 -0.0251774
-4 1.75 -0.137389 -0.00851684
-4 2 -0.13438 0.00568548
-4 2.25 -0.128028 0.0172166
-4 2.5 -0.119361 0.0262212
-4 2.75 -0.109158 0.0330303
-4 3 -0.0979809 0.0380382
-4 3.25 -0.0862124 0.0416289
-4 3.5 -0.0741068 0.0441406
-4 3.75 -0.061826 0.0458529
-4 4 -0.0494686 0.0469871
-4 4.25 -0.0370896 0.0477113
-4 4.5 -0.0247153 0.0481475
-4 4.75 -0.0123533 0.0483777
-4 5 0 0
-3.75 -5 0 0
-3.75 -4.75 0.0124844 0.0608147
-3.75 -4.5 0.0250105 0.0606186
-3.75 -4.25 0.0376171 0.060232
-3.75 -4 0.050337 0.0595603
-3.75 -3.75 0.0631912 0.058461
-3.75 -3.5 0.0761816 0.0567334
-3.75 -3.25 0.0892771 0.0541055
-3.75 -3 0.102393 0.0502198
-3.75 -2.75 0.115354 0.0446208
-3.75 -2.5 0.127842 0.0367538
-3.75 -2.25 0.139316 0.0259892
-3.75 -2 0.14891 0.0117013
-3.75 -1.75 0.155325 -0.00656326
-3.75 -1.5 0.156786 -0.0287963
-3.75 -1.25 0.151208 -0.0541509
-3.75 -1 0.136731 -0.0806569
-3.75 -0.75 0.112648 -0.10539
-3.75 -0.5 0.0801154 -0.12531
-3.75 -0.25 0.0415822 -0.138119
-3.75 0 7.18389e-12 -0.142523
-3.75 0.25 -0.0415822 -0.138119
-3.75 0.5 -0.0801154 -0.12531
-3.75 0.75 -0.112648 -0.10539
-3.75 1 -0.136731 -0.0806569
-3.75 1.25 -0.151208 -0.0541509
-3.75 1.5 -0.156786 -0.0287963
-3.75 1.75 -0.155325 -0.00656326
-3.75 2 -0.14891 0.0117013
-3.75 2.25 -0.139316 0.0259892
-3.75 2.5 -0.127842 0.0367538
-3.75 2.75 -0.115354 0.0446208
-3.75 3 -0.102393 0.0502198
-3.75 3.25 -0.0892771 0.0541055
-3.75 3.5 -0.0761816 0.0567334
-3.75 3.75 -0.0631912 0.058461
-3.75 4 -0.050337 0.0595603
-3.75 4.25 -0.0376171 0.060232
-3.75 4.5 -0.0250105 0.0606186
-3.75 4.75 -0.0124844 0.0608147
-3.75 5 0 0
-3.5 -5 0 0
-3.5 -4.75 0.0125739 0.0733882
-3.5 -4.5 0.0252251 0.0732802
-3.5 -4.25 0.0380315 0.0730378
-3.5 -4 0.0510709 0.0725612
-3.5 -3.75 0.0644202 0.0716975
-3.5 -3.5 0.0781512 0.0702265
-3.5 -3.25 0.092322 0.06784
-3.5 -3 0.106959 0.0641146
-3.5 -2.75 0.122021 0.0584794
-3.5 -2.5 0.137336 0.0501841
-3.5 -2.25 0.152485 0.0382853
-3.5 -2 0.166621 0.0216937
-3.5 -1.75 0.178213 -0.000641227
-3.5 -1.5 0.184783 -0.0292936
-3.5 -1.25 0.182875 -0.0636024
-3.5 -1 0.168792 -0.100824
-3.5 -0.75 0.140602 -0.136105
-3.5 -0.5 0.100372 -0.164397
-3.5 -0.25 0.0521167 -0.182379
-3.5 0 3.42353e-12 -0.18851
-3.5 0.25 -0.0521167 -0.182379
-3.5 0.5 -0.100372 -0.164397
-3.5 0.75 -0.140602 -0.136105
-3.5 1 -0.168792 -0.100824
-3.5 1.25 -0.182875 -0.0636024
-3.5 1.5 -0.184783 -0.0292936
-3.5 1.75 -0.178213 -0.000641227
-3.5 2 -0.166621 0.0216937
-3.5 2.25 -0.152485 0.0382853
-3.5 2.5 -0.137336 0.0501841
-3.5 2.75 -0.122021 0.0584794
-3.5 3 -0.106959 0.0641146
-3.5 3.25 -0.092322 0.06784
-3.5 3.5 -0.0781512 0.0702265
-3.5 3.75 -0.0644202 0.0716975
-3.5 4 -0.0510709 0.0725612
-3.5 4.25 -0.0380315 0.0730378
-3.5 4.5 -0.0252251 0.0732802
-3.5 4.75 -0.0125739 0.0733882
-3.5 5 0 0
-3.25 -5 0 0
-3.25 -4.75 0.0125859 0.0860398
-3.25 -4.5 0.0252847 0.0860762
-3.25 -4.25 0.0382128 0.0860778
-3.25 -4 0.051495 0.085949
-3.25 -3.75 0.0652675 0.0855413
-3.25 -3.5 0.0796809 0.0846352
-3.25 -3.25 0.0949006 0.0829133
-3.25 -3 0.1111 0.0799192
-3.25 -2.75 0.128437 0.0749982
-3.25 -2.5 0.146997 0.0672177
-3.25 -2.25 0.166667 0.0552741
-3.25 -2 0.186876 0.0374293
-3.25 -1.75 0.206125 0.0115982
-3.25 -1.5 0.221256 -0.0241343
-3.25 -1.25 0.226718 -0.0701416
-3.25 -1 0.214959 -0.12293
-3.25 -0.75 0.180596 -0.17381
-3.25 -0.5 0.128656 -0.213795
-3.25 -0.25 0.0665122 -0.238491
-3.25 0 -4.80012e-13 -0.246757
-3.25 0.25 -0.0665122 -0.238491
-3.25 0.5 -0.128656 -0.213795
-3.25 0.75 -0.180596 -0.17381
-3.25 1 -0.214959 -0.12293
-3.25 1.25 -0.226718 -0.0701416
-3.25 1.5 -0.221256 -0.0241343
-3.25 1.75 -0.206125 0.0115982
-3.25 2 -0.186876 0.0374293
-3.25 2.25 -0.166667 0.0552741
-3.25 2.5 -0.146997 0.0672177
-3.25 2.75 -0.128437 0.0749982
-3.25 3 -0.1111 0.0799192
-3.25 3.25 -0.0949006 0.0829133
-3.25 3.5 -0.0796809 0.0846352
-3.25 3.75 -0.0652675 0.0855413
-3.25 4 -0.051495 0.085949
-3.25 4.25 -0.0382128 0.0860778
-3.25 4.5 -0.0252847 0.0860762
-3.25 4.75 -0.0125859 0.0860398
-3.25 5 0 0
-3 -5 0 0
-3 -4.75 0.0124853 0.0986729
-3 -4.5 0.0251147 0.0989071
-3 -4.25 0.0380401 0.0992482
-3 -4 0.0514289 0.0996158
-3 -3.75 0.0654738 0.0998834
-3 -3.5 0.0804043 0.0998596
-3 -3.25 0.0964998 0.0992589
-3 -3 0.114103 0.0976506
-3 -2.75 0.133628 0.0943766
-3 -2.5 0.155548 0.0884144
-3 -2.25 0.18031 0.0781643
-3 -2 0.208091 0.0611512
-3 -1.75 0.238153 0.0337392
-3 -1.5 0.2674 -0.0087003
-3 -1.25 0.28778 -0.0698995
-3 -1 0.283732 -0.146946
-3 -0.75 0.238166 -0.222409
-3 -0.5 0.167142 -0.278481
-3 -0.25 0.0852765 -0.311035
-3 0 -4.26832e-12 -0.321534
-3 0.25 -0.0852765 -0.311035
-3 0.5 -0.167142 -0.278481
-3 0.75 -0.238166 -0.222409
-3 1 -0.283732 -0.146946
-3 1.25 -0.28778 -0.0698995
-3 1.5 -0.2674 -0.0087003
-3 1.75 -0.238153 0.0337392
-3 2 -0.208091 0.0611512
-3 2.25 -0.18031 0.0781643
-3 2.5 -0.155548 0.0884144
-3 2.75 -0.133628 0.0943766
-3 3 -0.114103 0.0976506
-3 3.25 -0.0964998 0.0992589
-3 3.5 -0.0804043 0.0998596
-3 3.75 -0.0654738 0.0998834
-3 4 -0.0514289 0.0996158
-3 4.25 -0.0380401 0.0992482
-3 4.5 -0.0251147 0.0989071
-3 4.75 -0.0124853 0.0986729
-3 5 0 0
-2.75 -5 0 0
-2.75 -4.75 0.0122404 0.111155
-2.75 -4.5 0.0246488 0.111631
-2.75 -4.25 0.037404 0.112392
-2.75 -4 0.0507066 0.113383
-2.75 -3.75 0.0647946 0.114517
-2.75 -3.5 0.0799628 0.115661
-2.75 -3.25 0.0965911 0.116612
-2.75 -3 0.115184 0.117048
-2.75 -2.75 0.136426 0.116443
-2.75 -2.5 0.161256 0.113899
-2.75 -2.25 0.190933 0.107817
-2.75 -2 0.227026 0.0952721
-2.75 -1.75 0.270994 0.0709076
-2.75 -1.5 0.322413 0.0254934
-2.75 -1.25 0.373271 -0.0538103
-2.75 -1 0.394021 -0.172544
-2.75 -0.75 0.321195 -0.290399
-2.75 -0.5 0.216471 -0.366685
-2.75 -0.25 0.107451 -0.405634
-2.75 0 -7.59485e-12 -0.41731
-2.75 0.25 -0.107451 -0.405634
-2.75 0.5 -0.216471 -0.366685
-2.75 0.75 -0.321195 -0.290399
-2.75 1 -0.394021 -0.172544
-2.75 1.25 -0.373271 -0.0538103
-2.75 1.5 -0.322413 0.0254934
-2.75 1.75 -0.270994 0.0709076
-2.75 2 -0.227026 0.0952721
-2.75 2.25 -0.190933 0.107817
-2.75 2.5 -0.161256 0.113899
-2.75 2.75 -0.136426 0.116443
-2.75 3 -0.115184 0.117048
-2.75 3.25 -0.0965911 0.116612
-2.75 3.5 -0.0799628 0.115661
-2.75 3.75 -0.0647946 0.114517
-2.75 4 -0.0507066 0.113383
-2.75 4.25 -0.037404 0.112392
-2.75 4.5 -0.0246488 0.111631
-2.75 4.75 -0.0122404 0.111155
-2.75 5 0 0
-2.5 -5 0 0
-2.5 -4.75 0.0118273 0.123322
-2.5 -4.5 0.0238363 0.124071
-2.5 -4.25 0.0362204 0.125306
-2.5 -4 0.049199 0.127006
-2.5 -3.75 0.0630352 0.12914
-2.5 -3.5 0.0780613 0.131656
-2.5 -3.25 0.0947179 0.13448
-2.5 -3 0.113615 0.137486
-2.5 -2.75 0.135637 0.140449
-2.5 -2.5 0.162116 0.142921
-2.5 -2.25 0.195142 0.143934
-2.5 -2 0.238085 0.141212
-2.5 -1.75 0.296385 0.129126
-2.5 -1.5 0.377985 0.0935764
-2.5 -1.25 0.488869 0.00170913
-2.5 -1 0.597887 -0.199021
-2.5 -0.75 0.436122 -0.399959
-2.5 -0.5 0.270094 -0.492225
-2.5 -0.25 0.128059 -0.527506
-2.5 0 -1.00075e-11 -0.536437
-2.5 0.25 -0.128059 -0.527506
-2.5 0.5 -0.270094 -0.492225
-2.5 0.75 -0.436122 -0.399959
-2.5 1 -0.597887 -0.199021
-2.5 1.25 -0.488869 0.00170913
-2.5 1.5 -0.377985 0.0935764
-2.5 1.75 -0.296385 0.129126
-2.5 2 -0.238085 0.141212
-2.5 2.25 -0.195142 0.143934
-2.5 2.5 -0.162116 0.142921
-2.5 2.75 -0.135637 0.140449
-2.5 3 -0.113615 0.137486
-2.5 3.25 -0.0947179 0.13448
-2.5 3.5 -0.0780613 0.131656
-2.5 3.75 -0.0630352 0.12914
-2.5 4 -0.049199 0.127006
-2.5 4.25 -0.0362204 0.125306
-2.5 4.5 -0.0238363 0.124071
-2.5 4.75 -0.0118273 0.123322
-2.5 5 0 0
-2.25 -5 0 0
-2.25 -4.75 0.0112327 0.134991
-2.25 -4.5 0.0226486 0.136024
-2.25 -4.25 0.0344423 0.137755
-2.25 -4 0.0468338 0.140198
-2.25 -3.75 0.0600857 0.143379
-2.25 -3.5 0.0745293 0.147344
-2.25 -3.25 0.0906036 0.152166
-2.25 -3 0.108923 0.157967
-2.25 -2.75 0.130391 0.164944
-2.25 -2.5 0.15643 0.173403
-2.25 -2.25 0.189431 0.183786
-2.25 -2 0.233788 0.196516
-2.25 -1.75 0.298477 0.210807
-2.25 -1.5 0.404272 0.217977
-2.25 -1.25 0.606335 0.166092
-2.25 -1 1.07253 -0.225291
-2.25 -0.75 0.555314 -0.618193
-2.25 -0.5 0.299723 -0.674748
-2.25 -0.25 0.13469 -0.675727
-2.25 0 -1.10115e-11 -0.673427
-2.25 0.25 -0.13469 -0.675727
-2.25 0.5 -0.299723 -0.674748
-2.25 0.75 -0.555314 -0.618193
-2.25 1 -1.07253 -0.225291
-2.25 1.25 -0.606335 0.166092
-2.25 1.5 -0.404272 0.217977
-2.25 1.75 -0.298477 0.210807
-2.25 2 -0.233788 0.196516
-2.25 2.25 -0.189431 0.183786
-2.25 2.5 -0.15643 0.173403
-2.25 2.75 -0.130391 0.164944
-2.25 3 -0.108923 0.157967
-2.25 3.25 -0.0906036 0.152166
-2.25 3.5 -0.0745293 0.147344
-2.25 3.75 -0.0600857 0.143379
-2.25 4 -0.0468338 0.140198
-2.25 4.25 -0.0344423 0.137755
-2.25 4.5 -0.0226486 0.136024
-2.25 4.75 -0.0112327 0.134991
-2.25 5 0 0
-2 -5 0 0
-2 -4.75 0.010455 0.14597
-2 -4.5 0.021083 0.14728
-2 -4.25 0.0320665 0.149491
-2 -4 0.0436081 0.15265
-2 -3.75 0.0559447 0.156835
-2 -3.5 0.0693664 0.162174
-2 -3.25 0.0842448 0.168873
-2 -3 0.10108 0.177274
-2 -2.75 0.120576 0.187956
-2 -2.5 0.143783 0.201961
-2 -2.25 0.172364 0.221292
-2 -2 0.209159 0.250258
-2 -1.75 0.259463 0.29961
-2 -1.5 0.334292 0.401434
-2 -1.25 0.459663 0.669972
-2 -1 0.70608 -0.250042
-2 -0.75 0.412877 -1.17277
-2 -0.5 0.238793 -0.912849
-2 -0.25 0.110977 -0.827228
-2 0 -1.03616e-11 -0.805816
-2 0.25 -0.110977 -0.827228
-2 0.5 -0.238793 -0.912849
-2 0.75 -0.412877 -1.17277
-2 1 -0.70608 -0.250042
-2 1.25 -0.459663 0.669972
-2 1.5 -0.334292 0.401434
-2 1.75 -0.259463 0.29961
-2 2 -0.209159 0.250258
-2 2.25 -0.172364 0.221292
-2 2.5 -0.143783 0.201961
-2 2.75 -0.120576 0.187956
-2 3 -0.10108 0.177274
-2 3.25 -0.0842448 0.168873
-2 3.5 -0.0693664 0.162174
-2 3.75 -0.0559447 0.156835
-2 4 -0.0436081 0.15265
-2 4.25 -0.0320665 0.149491
-2 4.5 -0.021083 0.14728
-2 4.75 -0.010455 0.14597
-2 5 0 0
-1.75 -5 0 0
-1.75 -4.75 0.00950435 0.156074
-1.75 -4.5 0.019162 0.157636
-1.75 -4.25 0.0291324 0.16028
-1.75 -4 0.0395874 0.164076
-1.75 -3.75 0.0507188 0.169137
-1.75 -3.5 0.0627467 0.175644
-1.75 -3.25 0.0759297 0.183879
-1.75 -3 0.0905755 0.194298
-1.75 -2.75 0.107049 0.207647
-1.75 -2.5 0.12576 0.225192
-1.75 -2.25 0.147084 0.249163
-1.75 -2 0.171021 0.283615
-1.75 -1.75 0.195924 0.33594
-1.75 -1.5 0.213771 0.418177
-1.75 -1.25 0.191943 0.537879
-1.75 -1 -0 -0.272077
-1.75 -0.75 0.15132 -1.08548
-1.75 -0.5 0.131596 -0.976648
-1.75 -0.25 0.0704264 -0.91452
-1.75 0 -8.59381e-12 -0.895382
-1.75 0.25 -0.0704264 -0.91452
-1.75 0.5 -0.131596 -0.976648
-1.75 0.75 -0.15132 -1.08548
-1.75 1 -0 -0.272077
-1.75 1.25 -0.191943 0.537879
-1.75 1.5 -0.213771 0.418177
-1.75 1.75 -0.195924 0.33594
-1.75 2 -0.171021 0.283615
-1.75 2.25 -0.147084 0.249163
-1.75 2.5 -0.12576 0.225192
-1.75 2.75 -0.107049 0.207647
-1.75 3 -0.0905755 0.194298
-1.75 3.25 -0.0759297 0.183879
-1.75 3.5 -0.0627467 0.175644
-1.75 3.75 -0.0507188 0.169137
-1.75 4 -0.0395874 0.164076
-1.75 4.25 -0.0291324 0.16028
-1.75 4.5 -0.019162 0.157636
-1.75 4.75 -0.00950435 0.156074
-1.75 5 0 0
-1.5 -5 0 0
-1.5 -4.75 0.00840036 0.165132
-1.5 -4.5 0.0169283 0.166908
-1.5 -4.25 0.0257137 0.169917
-1.5 -4 0.0348903 0.174236
-1.5 -3.75 0.0445963 0.179994
-1.5 -3.5 0.0549719 0.187385
-1.5 -3.25 0.0661518 0.196702
-1.5 -3 0.078244 0.208393
-1.5 -2.75 0.0912836 0.223141
-1.5 -2.5 0.105124 0.241997
-1.5 -2.25 0.119192 0.266553
-1.5 -2 0.131916 0.299098
-1.5 -1.75 0.139442 0.34236
-1.5 -1.5 0.132924 0.397453
-1.5 -1.25 0.0943402 0.456201
-1.5 -1 -0 -0.290665
-1.5 -0.75 0.060808 -1.04118
-1.5 -0.5 0.0658431 -0.993743
-1.5 -0.25 0.0391326 -0.958824
-1.5 0 -6.58941e-12 -0.946669
-1.5 0.25 -0.0391326 -0.958824
-1.5 0.5 -0.0658431 -0.993743
-1.5 0.75 -0.060808 -1.04118
-1.5 1 -0 -0.290665
-1.5 1.25 -0.0943402 0.456201
-1.5 1.5 -0.132924 0.397453
-1.5 1.75 -0.139442 0.34236
-1.5 2 -0.131916 0.299098
-1.5 2.25 -0.119192 0.266553
-1.5 2.5 -0.105124 0.241997
-1.5 2.75 -0.0912836 0.223141
-1.5 3 -0.078244 0.208393
-1.5 3.25 -0.0661518 0.196702
-1.5 3.5 -0.0549719 0.187385
-1.5 3.75 -0.0445963 0.179994
-1.5 4 -0.0348903 0.174236
-1.5 4.25 -0.0257137 0.169917
-1.5 4.5 -0.0169283 0.166908
-1.5 4.75 -0.00840036 0.165132
-1.5 5 0 0
-1.25 -5 0 0
-1.25 -4.75 0.00716877 0.173002
-1.25 -4.5 0.0144372 0.174949
-1.25 -4.25 0.0219038 0.178242
-1.25 -4 0.0296638 0.182958
-1.25 -3.75 0.037804 0.189219
-1.25 -3.5 0.046393 0.197199
-1.25 -3.25 0.0554614 0.207152
-1.25 -3 0.0649652 0.21943
-1.25 -2.75 0.0747174 0.234527
-1.25 -2.5 0.0842617 0.2531
-1.25 -2.25 0.0926432 0.275955
-1.25 -2 0.0980103 0.303865
-1.25 -1.75 0.0970038 0.336948
-1.25 -1.5 0.0841419 0.373075
-1.25 -1.25 0.0524935 0.404956
-1.25 -1 -0 -0.305609
-1.25 -0.75 0.0260687 -1.01964
-1.25 -0.5 0.031836 -0.998323
-1.25 -0.25 0.0202608 -0.980364
-1.25 0 -4.8089e-12 -0.973647
-1.25 0.25 -0.0202608 -0.980364
-1.25 0.5 -0.031836 -0.998323
-1.25 0.75 -0.0260687 -1.01964
-1.25 1 -0 -0.305609
-1.25 1.25 -0.0524935 0.404956
-1.25 1.5 -0.0841419 0.373075
-1.25 1.75 -0.0970038 0.336948
-1.25 2 -0.0980103 0.303865
-1.25 2.25 -0.0926432 0.275955
-1.25 2.5 -0.0842617 0.2531
-1.25 2.75 -0.0747174 0.234527
-1.25 3 -0.0649652 0.21943
-1.25 3.25 -0.0554614 0.207152
-1.25 3.5 -0.046393 0.197199
-1.25 3.75 -0.037804 0.189219
-1.25 4 -0.0296638 0.182958
-1.25 4.25 -0.0219038 0.178242
-1.25 4.5 -0.0144372 0.174949
-1.25 4.75 -0.00716877 0.173002
-1.25 5 0 0
-1 -5 0 0
-1 -4.75 0.00583753 0.17957
-1 -4.5 0.0117479 0.181643
-1 -4.25 0.0178005 0.185143
-1 -4 0.0240571 0.190136
-1 -3.75 0.0305631 0.196724
-1 -3.5 0.0373347 0.205042
-1 -3.25 0.0443357 0.215274
-1 -3 0.051438 0.227649
-1 -2.75 0.0583591 0.242437
-1 -2.5 0.0645619 0.259922
-1 -2.25 0.0691088 0.280302
-1 -2 0.0704778 0.303459
-1 -1.75 0.0664211 0.328491
-1 -1.5 0.0541464 0.352943
-1 -1.25 0.0314919 0.372059
-1 -1 -0 -0.31709
-1 -0.75 0.011631 -1.00934
-1 -0.5 0.0151714 -0.999551
-1 -0.25 0.0100748 -0.99066
-1 0 -3.37616e-12 -0.987191
-1 0.25 -0.0100748 -0.99066
-1 0.5 -0.0151714 -0.999551
-1 0.75 -0.011631 -1.00934
-1 1 -0 -0.31709
-1 1.25 -0.0314919 0.372059
-1 1.5 -0.0541464 0.352943
-1 1.75 -0.0664211 0.328491
-1 2 -0.0704778 0.303459
-1 2.25 -0.0691088 0.280302
-1 2.5 -0.0645619 0.259922
-1 2.75 -0.0583591 0.242437
-1 3 -0.051438 0.227649
-1 3.25 -0.0443357 0.215274
-1 3.5 -0.0373347 0.205042
-1 3.75 -0.0305631 0.196724
-1 4 -0.0240571 0.190136
-1 4.25 -0.0178005 0.185143
-1 4.5 -0.0117479 0.181643
-1 4.75 -0.00583753 0.17957
-1 5 0 0
-0.75 -5 0 0
-0.75 -4.75 0.00443348 0.18475
-0.75 -4.5 0.00891622 0.186912
-0.75 -4.25 0.0134934 0.190551
-0.75 -4 0.0182008 0.195721
-0.75 -3.75 0.0230564 0.202497
-0.75 -3.5 0.0280472 0.210972
-0.75 -3.25 0.0331085 0.221255
-0.75 -3 0.0380921 0.233453
-0.75 -2.75 0.042719 0.247651
-0.75 -2.5 0.0465178 0.26385
-0.75 -2.25 0.0487523 0.281871
-0.75 -2 0.0483709 0.301177
-0.75 -1.75 0.0440563 0.320616
-0.75 -1.5 0.0345307 0.338146
-0.75 -1.25 0.0193278 0.350809
-0.75 -1 -0 -0.32547
-0.75 -0.75 0.0052838 -1.00447
-0.75 -0.5 0.0071438 -0.99988
-0.75 -0.25 0.00486696 -0.995535
-0.75 0 -2.2622e-12 -0.993796
-0.75 0.25 -0.00486696 -0.995535
-0.75 0.5 -0.0071438 -0.99988
-0.75 0.75 -0.0052838 -1.00447
-0.75 1 -0 -0.32547
-0.75 1.25 -0.0193278 0.350809
-0.75 1.5 -0.0345307 0.338146
-0.75 1.75 -0.0440563 0.320616
-0.75 2 -0.0483709 0.301177
-0.75 2.25 -0.0487523 0.281871
-0.75 2.5 -0.0465178 0.26385
-0.75 2.75 -0.042719 0.247651
-0.75 3 -0.0380921 0.233453
-0.75 3.25 -0.0331085 0.221255
-0.75 3.5 -0.0280472 0.210972
-0.75 3.75 -0.0230564 0.202497
-0.75 4 -0.0182008 0.195721
-0.75 4.25 -0.0134934 0.190551
-0.75 4.5 -0.00891622 0.186912
-0.75 4.75 -0.00443348 0.18475
-0.75 5 0 0
-0.5 -5 0 0
-0.5 -4.75 0.00298015 0.188486
-0.5 -4.5 0.00599011 0.190703
-0.5 -4.25 0.00905614 0.194428
-0.5 -4 0.0121964 0.199699
-0.5 -3.75 0.0154145 0.20657
-0.5 -3.5 0.0186891 0.215095
-0.5 -3.25 0.0219592 0.225319
-0.5 -3 0.0251026 0.237259
-0.5 -2.75 0.0279072 0.250863
-0.5 -2.5 0.0300382 0.265956
-0.5 -2.25 0.0310115 0.282155
-0.5 -2 0.0301974 0.298763
-0.5 -1.75 0.0269024 0.314651
-0.5 -1.5 0.0205923 0.328214
-0.5 -1.25 0.0112885 0.337528
-0.5 -1 -0 -0.331134
-0.5 -0.75 0.0023604 -1.0022
-0.5 -0.5 0.00325304 -0.999968
-0.5 -0.25 0.00224925 -0.997804
-0.5 0 -1.39054e-12 -0.996925
-0.5 0.25 -0.00224925 -0.997804
-0.5 0.5 -0.00325304 -0.999968
-0.5 0.75 -0.0023604 -1.0022
-0.5 1 -0 -0.331134
-0.5 1.25 -0.0112885 0.337528
-0.5 1.5 -0.0205923 0.328214
-0.5 1.75 -0.0269024 0.314651
-0.5 2 -0.0301974 0.298763
-0.5 2.25 -0.0310115 0.282155
-0.5 2.5 -0.0300382 0.265956
-0.5 2.75 -0.0279072 0.250863
-0.5 3 -0.0251026 0.237259
-0.5 3.25 -0.0219592 0.225319
-0.5 3.5 -0.0186891 0.215095
-0.5 3.75 -0.0154145 0.20657
-0.5 4 -0.0121964 0.199699
-0.5 4.25 -0.00905614 0.194428
-0.5 4.5 -0.00599011 0.190703
-0.5 4.75 -0.00298015 0.188486
-0.5 5 0 0
-0.25 -5 0 0
-0.25 -4.75 0.00149702 0.19074
-0.25 -4.5 0.00300793 0.192988
-0.25 -4.25 0.00454459 0.196757
-0.25 -4 0.00611427 0.202079
-0.25 -3.75 0.00771606 0.208989
-0.25 -3.5 0.00933546 0.217517
-0.25 -3.25 0.0109367 0.227668
-0.25 -3 0.0124521 0.239401
-0.25 -2.75 0.0137689 0.252587
-0.25 -2.5 0.0147163 0.266954
-0.25 -2.25 0.0150582 0.28203
-0.25 -2 0.0145048 0.297068
-0.25 -1.75 0.0127637 0.311011
-0.25 -1.5 0.00964749 0.322532
-0.25 -1.25 0.005234 0.330217
-0.25 -1 -0 -0.334398
-0.25 -0.75 0.000904776 -1.00121
-0.25 -0.5 0.0012587 -0.999991
-0.25 -0.25 0.000876987 -0.998788
-0.25 0 -6.79637e-13 -0.998295
-0.25 0.25 -0.000876987 -0.998788
-0.25 0.5 -0.0012587 -0.999991
-0.25 0.75 -0.000904776 -1.00121
-0.25 1 -0 -0.334398
-0.25 1.25 -0.005234 0.330217
-0.25 1.5 -0.00964749 0.322532
-0.25 1.75 -0.0127637 0.311011
-0.25 2 -0.0145048 0.297068
-0.25 2.25 -0.0150582 0.28203
-0.25 2.5 -0.0147163 0.266954
-0.25 2.75 -0.0137689 0.252587
-0.25 3 -0.0124521 0.239401
-0.25 3.25 -0.0109367 0.227668
-0.25 3.5 -0.00933546 0.217517
-0.25 3.75 -0.00771606 0.208989
-0.25 4 -0.00611427 0.202079
-0.25 4.25 -0.00454459 0.196757
-0.25 4.5 -0.00300793 0.192988
-0.25 4.75 -0.00149702 0.19074
-0.25 5 0 0
0 -5 0 0
0 -4.75 1.57452e-12 0.191494
0 -4.5 3.05686e-12 0.193751
0 -4.25 4.39354e-12 0.197534
0 -4 5.53735e-12 0.202871
0 -3.75 6.44929e-12 0.209791
0 -3.5 7.09943e-12 0.218315
0 -3.25 7.46814e-12 0.228436
0 -3 7.54685e-12 0.240092
0 -2.75 7.33691e-12 0.253127
0 -2.5 6.85096e-12 0.267245
0 -2.25 6.112e-12 0.281943
0 -2 5.1521e-12 0.296468
0 -1.75 4.01124e-12 0.309794
0 -1.5 2.73692e-12 0.320684
0 -1.25 1.38178e-12 0.327881
0 -1 -0 -0.335463
0 -0.75 -1.9762e-14 -1.00094
0 -0.5 -3.69704e-14 -0.999995
0 -0.25 -4.92939e-14 -0.999062
0 0 -5.48173e-14 -0.998679
0 0.25 -5.20139e-14 -0.999062
0 0.5 -4.05231e-14 -0.999995
0 0.75 -2.22045e-14 -1.00094
0 1 -0 -0.335463
0 1.25 -1.72373e-12 0.327881
0 1.5 -3.34199e-12 0.320684
0 1.75 -4.79217e-12 0.309794
0 2 -6.02274e-12 0.296468
0 2.25 -6.99041e-12 0.281943
0 2.5 -7.66565e-12 0.267245
0 2.75 -8.03158e-12 0.253127
0 3 -8.08287e-12 0.240092
0 3.25 -7.82618e-12 0.228436
0 3.5 -7.27951e-12 0.218315
0 3.75 -6.47099e-12 0.209791
0 4 -5.43721e-12 0.202871
0 4.25 -4.22218e-12 0.197534
0 4.5 -2.87534e-12 0.193751
0 4.75 -1.44976e-12 0.191494
0 5 0 0
0.25 -5 0 0
0.25 -4.75 -0.00149702 0.19074
0.25 -4.5 -0.00300793 0.192988
0.25 -4.25 -0.00454459 0.196757
0.25 -4 -0.00611427 0.202079
0.25 -3.75 -0.00771606 0.208989
0.25 -3.5 -0.00933546 0.217517
0.25 -3.25 -0.0109367 0.227668
0.25 -3 -0.0124521 0.239401
0.25 -2.75 -0.0137689 0.252587
0.25 -2.5 -0.0147163 0.266954
0.25 -2.25 -0.0150582 0.28203
0.25 -2 -0.0145048 0.297068
0.25 -1.75 -0.0127637 0.311011
0.25 -1.5 -0.00964749 0.322532
0.25 -1.25 -0.005234 0.330217
0.25 -1 -0 -0.334398
0.25 -0.75 -0.000904776 -1.00121
0.25 -0.5 -0.0012587 -0.999991
0.25 -0.25 -0.000876987 -0.998788
0.25 0 5.51573e-13 -0.998295
0.25 0.25 0.000876987 -0.998788
0.25 0.5 0.0012587 -0.999991
0.25 0.75 0.000904776 -1.00121
0.25 1 -0 -0.334398
0.25 1.25 0.005234 0.330217
0.25 1.5 0.00964749 0.322532
0.25 1.75 0.0127637 0.311011
0.25 2 0.0145048 0.297068
0.25 2.25 0.0150582 0.28203
0.25 2.5 0.0147163 0.266954
0.25 2.75 0.0137689 0.252587
0.25 3 0.0124521 0.239401
0.25 3.25 0.0109367 0.227668
0.25 3.5 0.00933546 0.217517
0.25 3.75 0.00771606 0.208989
0.25 4 0.00611427 0.202079
0.25 4.25 0.00454459 0.196757
0.25 4.5 0.00300793 0.192988
0.25 4.75 0.00149702 0.19074
0.25 5 0 0
0.5 -5 0 0
0.5 -4.75 -0.00298015 0.188486
0.5 -4.5 -0.00599011 0.190703
0.5 -4.25 -0.00905614 0.194428
0.5 -4 -0.0121964 0.199699
0.5 -3.75 -0.0154145 0.20657
0.5 -3.5 -0.0186891 0.215095
0.5 -3.25 -0.0219592 0.225319
0.5 -3 -0.0251026 0.237259
0.5 -2.75 -0.0279072 0.250863
0.5 -2.5 -0.0300382 0.265956
0.5 -2.25 -0.0310115 0.282155
0.5 -2 -0.0301974 0.298763
0.5 -1.75 -0.0269024 0.314651
0.5 -1.5 -0.0205923 0.328214
0.5 -1.25 -0.0112885 0.337528
0.5 -1 -0 -0.331134
0.5 -0.75 -0.0023604 -1.0022
0.5 -0.5 -0.00325304 -0.999968
0.5 -0.25 -0.00224925 -0.997804
0.5 0 1.20386e-12 -0.996925
0.5 0.25 0.00224925 -0.997804
0.5 0.5 0.00325304 -0.999968
0.5 0.75 0.0023604 -1.0022
0.5 1 -0 -0.331134
0.5 1.25 0.0112885 0.337528
0.5 1.5 0.0205923 0.328214
0.5 1.75 0.0269024 0.314651
0.5 2 0.0301974 0.298763
0.5 2.25 0.0310115 0.282155
0.5 2.5 0.0300382 0.265956
0.5 2.75 0.0279072 0.250863
0.5 3 0.0251026 0.237259
0.5 3.25 0.0219592 0.225319
0.5 3.5 0.0186891 0.215095
0.5 3.75 0.0154145 0.20657
0.5 4 0.0121964 0.199699
0.5 4.25 0.00905614 0.194428
0.5 4.5 0.00599011 0.190703
0.5 4.75 0.00298015 0.188486
0.5 5 0 0
0.75 -5 0 0
0.75 -4.75 -0.00443348 0.18475
0.75 -4.5 -0.00891622 0.186912
0.75 -4.25 -0.0134934 0.190551
0.75 -4 -0.0182008 0.195721
0.75 -3.75 -0.0230564 0.202497
0.75 -3.5 -0.0280472 0.210972
0.75 -3.25 -0.0331085 0.221255
0.75 -3 -0.0380921 0.233453
0.75 -2.75 -0.042719 0.247651
0.75 -2.5 -0.0465178 0.26385
0.75 -2.25 -0.0487523 0.281871
0.75 -2 -0.0483709 0.301177
0.75 -1.75 -0.0440563 0.320616
0.75 -1.5 -0.0345307 0.338146
0.75 -1.25 -0.0193278 0.350809
0.75 -1 -0 -0.32547
0.75 -0.75 -0.0052838 -1.00447
0.75 -0.5 -0.0071438 -0.99988
0.75 -0.25 -0.00486696 -0.995535
0.75 0 1.96658e-12 -0.993796
0.75 0.25 0.00486696 -0.995535
0.75 0.5 0.0071438 -0.99988
0.75 0.75 0.0052838 -1.00447
0.75 1 -0 -0.32547
0.75 1.25 0.0193278 0.350809
0.75 1.5 0.0345307 0.338146
0.75 1.75 0.0440563 0.320616
0.75 2 0.0483709 0.301177
0.75 2.25 0.0487523 0.281871
0.75 2.5 0.0465178 0.26385
0.75 2.75 0.042719 0.247651
0.75 3 0.0380921 0.233453
0.75 3.25 0.0331085 0.221255
0.75 3.5 0.0280472 0.210972
0.75 3.75 0.0230564 0.202497
0.75 4 0.0182008 0.195721
0.75 4.25 0.0134934 0.190551
0.75 4.5 0.00891622 0.186912
0.75 4.75 0.00443348 0.18475
0.75 5 0 0
1 -5 0 0
1 -4.75 -0.00583753 0.17957
1 -4.5 -0.0117479 0.181643
1 -4.25 -0.0178005 0.185143
1 -4 -0.0240571 0.190136
1 -3.75 -0.0305631 0.196724
1 -3.5 -0.0373347 0.205042
1 -3.25 -0.0443357 0.215274
1 -3 -0.051438 0.227649
1 -2.75 -0.0583591 0.242437
1 -2.5 -0.0645619 0.259922
1 -2.25 -0.0691088 0.280302
1 -2 -0.0704778 0.303459
1 -1.75 -0.0664211 0.328491
1 -1.5 -0.0541464 0.352943
1 -1.25 -0.0314919 0.372059
1 -1 -0 -0.31709
1 -0.75 -0.011631 -1.00934
1 -0.5 -0.0151714 -0.999551
1 -0.25 -0.0100748 -0.99066
1 0 2.90405e-12 -0.987191
1 0.25 0.0100748 -0.99066
1 0.5 0.0151714 -0.999551
1 0.75 0.011631 -1.00934
1 1 -0 -0.31709
1 1.25 0.0314919 0.372059
1 1.5 0.0541464 0.352943
1 1.75 0.0664211 0.328491
1 2 0.0704778 0.303459
1 2.25 0.0691088 0.280302
1 2.5 0.0645619 0.259922
1 2.75 0.0583591 0.242437
1 3 0.051438 0.227649
1 3.25 0.0443357 0.215274
1 3.5 0.0373347 0.205042
1 3.75 0.0305631 0.196724
1 4 0.0240571 0.190136
1 4.25 0.0178005 0.185143
1 4.5 0.0117479 0.181643
1 4.75 0.00583753 0.17957
1 5 0 0
1.25 -5 0 0
1.25 -4.75 -0.00716877 0.173002
1.25 -4.5 -0.0144372 0.174949
1.25 -4.25 -0.0219038 0.178242
1.25 -4 -0.0296638 0.182958
1.25 -3.75 -0.037804 0.189219
1.25 -3.5 -0.046393 0.197199
1.25 -3.25 -0.0554614 0.207152
1.25 -3 -0.0649652 0.21943
1.25 -2.75 -0.0747174 0.234527
1.25 -2.5 -0.0842617 0.2531
1.25 -2.25 -0.0926432 0.275955
1.25 -2 -0.0980103 0.303865
1.25 -1.75 -0.0970038 0.336948
1.25 -1.5 -0.0841419 0.373075
1.25 -1.25 -0.0524935 0.404956
1.25 -1 -0 -0.305609
1.25 -0.75 -0.0260687 -1.01964
1.25 -0.5 -0.031836 -0.998323
1.25 -0.25 -0.0202608 -0.980364
1.25 0 4.06933e-12 -0.973647
1.25 0.25 0.0202608 -0.980364
1.25 0.5 0.031836 -0.998323
1.25 0.75 0.0260687 -1.01964
1.25 1 -0 -0.305609
1.25 1.25 0.0524935 0.404956
1.25 1.5 0.0841419 0.373075
1.25 1.75 0.0970038 0.336948
1.25 2 0.0980103 0.303865
1.25 2.25 0.0926432 0.275955
1.25 2.5 0.0842617 0.2531
1.25 2.75 0.0747174 0.234527
1.25 3 0.0649652 0.21943
1.25 3.25 0.0554614 0.207152
1.25 3.5 0.046393 0.197199
1.25 3.75 0.037804 0.189219
1.25 4 0.0296638 0.182958
1.25 4.25 0.0219038 0.178242
1.25 4.5 0.0144372 0.174949
1.25 4.75 0.00716877 0.173002
1.25 5 0 0
1.5 -5 0 0
1.5 -4.75 -0.00840036 0.165132
1.5 -4.5 -0.0169283 0.166908
1.5 -4.25 -0.0257137 0.169917
1.5 -4 -0.0348903 0.174236
1.5 -3.75 -0.0445963 0.179994
1.5 -3.5 -0.0549719 0.187385
1.5 -3.25 -0.0661518 0.196702
1.5 -3 -0.078244 0.208393
1.5 -2.75 -0.0912836 0.223141
1.5 -2.5 -0.105124 0.241997
1.5 -2.25 -0.119192 0.266553
1.5 -2 -0.131916 0.299098
1.5 -1.75 -0.139442 0.34236
1.5 -1.5 -0.132924 0.397453
1.5 -1.25 -0.0943402 0.456201
1.5 -1 -0 -0.290665
1.5 -0.75 -0.060808 -1.04118
1.5 -0.5 -0.0658431 -0.993743
1.5 -0.25 -0.0391326 -0.958824
1.5 0 5.46788e-12 -0.946669
1.5 0.25 0.0391326 -0.958824
1.5 0.5 0.0658431 -0.993743
1.5 0.75 0.060808 -1.04118
1.5 1 -0 -0.290665
1.5 1.25 0.0943402 0.456201
1.5 1.5 0.132924 0.397453
1.5 1.75 0.139442 0.34236
1.5 2 0.131916 0.299098
1.5 2.25 0.119192 0.266553
1.5 2.5 0.105124 0.241997
1.5 2.75 0.0912836 0.223141
1.5 3 0.078244 0.208393
1.5 3.25 0.0661518 0.196702
1.5 3.5 0.0549719 0.187385
1.5 3.75 0.0445963 0.179994
1.5 4 0.0348903 0.174236
1.5 4.25 0.0257137 0.169917
1.5 4.5 0.0169283 0.166908
1.5 4.75 0.00840036 0.165132
1.5 5 0 0
1.75 -5 0 0
1.75 -4.75 -0.00950435 0.156074
1.75 -4.5 -0.019162 0.157636
1.75 -4.25 -0.0291324 0.16028
1.75 -4 -0.0395874 0.164076
1.75 -3.75 -0.0507188 0.169137
1.75 -3.5 -0.0627467 0.175644
1.75 -3.25 -0.0759297 0.183879
1.75 -3 -0.0905755 0.194298
1.75 -2.75 -0.107049 0.207647
1.75 -2.5 -0.12576 0.225192
1.75 -2.25 -0.147084 0.249163
1.75 -2 -0.171021 0.283615
1.75 -1.75 -0.195924 0.33594
1.75 -1.5 -0.213771 0.418177
1.75 -1.25 -0.191943 0.537879
1.75 -1 -0 -0.272077
1.75 -0.75 -0.15132 -1.08548
1.75 -0.5 -0.131596 -0.976648
1.75 -0.25 -0.0704264 -0.91452
1.75 0 6.97252e-12 -0.895382
1.75 0.25 0.0704264 -0.91452
1.75 0.5 0.131596 -0.976648
1.75 0.75 0.15132 -1.08548
1.75 1 -0 -0.272077
1.75 1.25 0.191943 0.537879
1.75 1.5 0.213771 0.418177
1.75 1.75 0.195924 0.33594
1.75 2 0.171021 0.283615
1.75 2.25 0.147084 0.249163
1.75 2.5 0.12576 0.225192
1.75 2.75 0.107049 0.207647
1.75 3 0.0905755 0.194298
1.75 3.25 0.0759297 0.183879
1.75 3.5 0.0627467 0.175644
1.75 3.75 0.0507188 0.169137
1.75 4 0.0395874 0.164076
1.75 4.25 0.0291324 0.16028
1.75 4.5 0.019162 0.157636
1.75 4.75 0.00950435 0.156074
1.75 5 0 0
2 -5 0 0
2 -4.75 -0.010455 0.14597
2 -4.5 -0.021083 0.14728
2 -4.25 -0.0320665 0.149491
2 -4 -0.0436081 0.15265
2 -3.75 -0.0559447 0.156835
2 -3.5 -0.0693664 0.162174
2 -3.25 -0.0842448 0.168873
2 -3 -0.10108 0.177274
2 -2.75 -0.120576 0.187956
2 -2.5 -0.143783 0.201961
2 -2.25 -0.172364 0.221292
2 -2 -0.209159 0.250258
2 -1.75 -0.259463 0.29961
2 -1.5 -0.334292 0.401434
2 -1.25 -0.459663 0.669972
2 -1 -0.70608 -0.250042
2 -0.75 -0.412877 -1.17277
2 -0.5 -0.238793 -0.912849
2 -0.25 -0.110977 -0.827228
2 0 8.18424e-12 -0.805816
2 0.25 0.110977 -0.827228
2 0.5 0.238793 -0.912849
2 0.75 0.412877 -1.17277
2 1 0.70608 -0.250042
2 1.25 0.459663 0.669972
2 1.5 0.334292 0.401434
2 1.75 0.259463 0.29961
2 2 0.209159 0.250258
2 2.25 0.172364 0.221292
2 2.5 0.143783 0.201961
2 2.75 0.120576 0.187956
2 3 0.10108 0.177274
2 3.25 0.0842448 0.168873
2 3.5 0.0693664 0.162174
2 3.75 0.0559447 0.156835
2 4 0.0436081 0.15265
2 4.25 0.0320665 0.149491
2 4.5 0.021083 0.14728
2 4.75 0.010455 0.14597
2 5 0 0
2.25 -5 0 0
2.25 -4.75 -0.0112327 0.134991
2.25 -4.5 -0.0226486 0.136024
2.25 -4.25 -0.0344423 0.137755
2.25 -4 -0.0468338 0.140198
2.25 -3.75 -0.0600857 0.143379
2.25 -3.5 -0.0745293 0.147344
2.25 -3.25 -0.0906036 0.152166
2.25 -3 -0.108923 0.157967
2.25 -2.75 -0.130391 0.164944
2.25 -2.5 -0.15643 0.173403
2.25 -2.25 -0.189431 0.183786
2.25 -2 -0.233788 0.196516
2.25 -1.75 -0.298477 0.210807
2.25 -1.5 -0.404272 0.217977
2.25 -1.25 -0.606335 0.166092
2.25 -1 -1.07253 -0.225291
2.25 -0.75 -0.555314 -0.618193
2.25 -0.5 -0.299723 -0.674748
2.25 -0.25 -0.13469 -0.675727
2.25 0 8.39416e-12 -0.673427
2.25 0.25 0.13469 -0.675727
2.25 0.5 0.299723 -0.674748
2.25 0.75 0.555314 -0.618193
2.25 1 1.07253 -0.225291
2.25 1.25 0.606335 0.166092
2.25 1.5 0.404272 0.217977
2.25 1.75 0.298477 0.210807
2.25 2 0.233788 0.196516
2.25 2.25 0.189431 0.183786
2.25 2.5 0.15643 0.173403
2.25 2.75 0.130391 0.164944
2.25 3 0.108923 0.157967
2.25 3.25 0.0906036 0.152166
2.25 3.5 0.0745293 0.147344
2.25 3.75 0.0600857 0.143379
2.25 4 0.0468338 0.140198
2.25 4.25 0.0344423 0.137755
2.25 4.5 0.0226486 0.136024
2.25 4.75 0.0112327 0.134991
2.25 5 0 0
2.5 -5 0 0
2.5 -4.75 -0.0118273 0.123322
2.5 -4.5 -0.0238363 0.124071
2.5 -4.25 -0.0362204 0.125306
2.5 -4 -0.049199 0.127006
2.5 -3.75 -0.0630352 0.12914
2.5 -3.5 -0.0780613 0.131656
2.5 -3.25 -0.0947179 0.13448
2.5 -3 -0.113615 0.137486
2.5 -2.75 -0.135637 0.140449
2.5 -2.5 -0.162116 0.142921
2.5 -2.25 -0.195142 0.143934
2.5 -2 -0.238085 0.141212
2.5 -1.75 -0.296385 0.129126
2.5 -1.5 -0.377985 0.0935764
2.5 -1.25 -0.488869 0.00170913
2.5 -1 -0.597887 -0.199021
2.5 -0.75 -0.436122 -0.399959
2.5 -0.5 -0.270094 -0.492225
2.5 -0.25 -0.128059 -0.527506
2.5 0 7.23895e-12 -0.536437
2.5 0.25 0.128059 -0.527506
2.5 0.5 0.270094 -0.492225
2.5 0.75 0.436122 -0.399959
2.5 1 0.597887 -0.199021
2.5 1.25 0.488869 0.00170913
2.5 1.5 0.377985 0.0935764
2.5 1.75 0.296385 0.129126
2.5 2 0.238085 0.141212
2.5 2.25 0.195142 0.143934
2.5 2.5 0.162116 0.142921
2.5 2.75 0.135637 0.140449
2.5 3 0.113615 0.137486
2.5 3.25 0.0947179 0.13448
2.5 3.5 0.0780613 0.131656
2.5 3.75 0.0630352 0.12914
2.5 4 0.049199 0.127006
2.5 4.25 0.0362204 0.125306
2.5 4.5 0.0238363 0.124071
2.5 4.75 0.0118273 0.123322
2.5 5 0 0
2.75 -5 0 0
2.75 -4.75 -0.0122404 0.111155
2.75 -4.5 -0.0246488 0.111631
2.75 -4.25 -0.037404 0.112392
2.75 -4 -0.0507066 0.113383
2.75 -3.75 -0.0647946 0.114517
2.75 -3.5 -0.0799628 0.115661
2.75 -3.25 -0.0965911 0.116612
2.75 -3 -0.115184 0.117048
2.75 -2.75 -0.136426 0.116443
2.75 -2.5 -0.161256 0.113899
2.75 -2.25 -0.190933 0.107817
2.75 -2 -0.227026 0.0952721
2.75 -1.75 -0.270994 0.0709076
2.75 -1.5 -0.322413 0.0254934
2.75 -1.25 -0.373271 -0.0538103
2.75 -1 -0.394021 -0.172544
2.75 -0.75 -0.321195 -0.290399
2.75 -0.5 -0.216471 -0.366685
2.75 -0.25 -0.107451 -0.405634
2.75 0 5.01918e-12 -0.41731
2.75 0.25 0.107451 -0.405634
2.75 0.5 0.216471 -0.366685
2.75 0.75 0.321195 -0.290399
2.75 1 0.394021 -0.172544
2.75 1.25 0.373271 -0.0538103
2.75 1.5 0.322413 0.0254934
2.75 1.75 0.270994 0.0709076
2.75 2 0.227026 0.0952721
2.75 2.25 0.190933 0.107817
2.75 2.5 0.161256 0.113899
2.75 2.75 0.136426 0.116443
2.75 3 0.115184 0.117048
2.75 3.25 0.0965911 0.116612
2.75 3.5 0.0799628 0.115661
2.75 3.75 0.0647946 0.114517
2.75 4 0.0507066 0.113383
2.75 4.25 0.037404 0.112392
2.75 4.5 0.0246488 0.111631
2.75 4.75 0.0122404 0.111155
2.75 5 0 0
3 -5 0 0
3 -4.75 -0.0124853 0.0986729
3 -4.5 -0.0251147 0.0989071
3 -4.25 -0.0380401 0.0992482
3 -4 -0.0514289 0.0996158
3 -3.75 -0.0654738 0.0998834
3 -3.5 -0.0804043 0.0998596
3 -3.25 -0.0964998 0.0992589
3 -3 -0.114103 0.0976506
3 -2.75 -0.133628 0.0943766
3 -2.5 -0.155548 0.0884144
3 -2.25 -0.18031 0.0781643
3 -2 -0.208091 0.0611512
3 -1.75 -0.238153 0.0337392
3 -1.5 -0.2674 -0.0087003
3 -1.25 -0.28778 -0.0698995
3 -1 -0.283732 -0.146946
3 -0.75 -0.238166 -0.222409
3 -0.5 -0.167142 -0.278481
3 -0.25 -0.0852765 -0.311035
3 0 2.20738e-12 -0.321534
3 0.25 0.0852765 -0.311035
3 0.5 0.167142 -0.278481
3 0.75 0.238166 -0.222409
3 1 0.283732 -0.146946
3 1.25 0.28778 -0.0698995
3 1.5 0.2674 -0.0087003
3 1.75 0.238153 0.0337392
3 2 0.208091 0.0611512
3 2.25 0.18031 0.0781643
3 2.5 0.155548 0.0884144
3 2.75 0.133628 0.0943766
3 3 0.114103 0.0976506
3 3.25 0.0964998 0.0992589
3 3.5 0.0804043 0.0998596
3 3.75 0.0654738 0.0998834
3 4 0.0514289 0.0996158
3 4.25 0.0380401 0.0992482
3 4.5 0.0251147 0.0989071
3 4.75 0.0124853 0.0986729
3 5 0 0
3.25 -5 0 0
3.25 -4.75 -0.0125859 0.0860398
3.25 -4.5 -0.0252847 0.0860762
3.25 -4.25 -0.0382128 0.0860778
3.25 -4 -0.051495 0.085949
3.25 -3.75 -0.0652675 0.0855413
3.25 -3.5 -0.0796809 0.0846352
3.25 -3.25 -0.0949006 0.0829133
3.25 -3 -0.1111 0.0799192
3.25 -2.75 -0.128437 0.0749982
3.25 -2.5 -0.146997 0.0672177
3.25 -2.25 -0.166667 0.0552741
3.25 -2 -0.186876 0.0374293
3.25 -1.75 -0.206125 0.0115982
3.25 -1.5 -0.221256 -0.0241343
3.25 -1.25 -0.226718 -0.0701416
3.25 -1 -0.214959 -0.12293
3.25 -0.75 -0.180596 -0.17381
3.25 -0.5 -0.128656 -0.213795
3.25 -0.25 -0.0665122 -0.238491
3.25 0 -7.98462e-13 -0.246757
3.25 0.25 0.0665122 -0.238491
3.25 0.5 0.128656 -0.213795
3.25 0.75 0.180596 -0.17381
3.25 1 0.214959 -0.12293
3.25 1.25 0.226718 -0.0701416
3.25 1.5 0.221256 -0.0241343
3.25 1.75 0.206125 0.0115982
3.25 2 0.186876 0.0374293
3.25 2.25 0.166667 0.0552741
3.25 2.5 0.146997 0.0672177
3.25 2.75 0.128437 0.0749982
3.25 3 0.1111 0.0799192
3.25 3.25 0.0949006 0.0829133
3.25 3.5 0.0796809 0.0846352
3.25 3.75 0.0652675 0.0855413
3.25 4 0.051495 0.085949
3.25 4.25 0.0382128 0.0860778
3.25 4.5 0.0252847 0.0860762
3.25 4.75 0.0125859 0.0860398
3.25 5 0 0
3.5 -5 0 0
3.5 -4.75 -0.0125739 0.0733882
3.5 -4.5 -0.0252251 0.0732802
3.5 -4.25 -0.0380315 0.0730378
3.5 -4 -0.0510709 0.0725612
3.5 -3.75 -0.0644202 0.0716975
3.5 -3.5 -0.0781512 0.0702265
3.5 -3.25 -0.092322 0.06784
3.5 -3 -0.106959 0.0641146
3.5 -2.75 -0.122021 0.0584794
3.5 -2.5 -0.137336 0.0501841
3.5 -2.25 -0.152485 0.0382853
3.5 -2 -0.166621 0.0216937
3.5 -1.75 -0.178213 -0.000641227
3.5 -1.5 -0.184783 -0.0292936
3.5 -1.25 -0.182875 -0.0636024
3.5 -1 -0.168792 -0.100824
3.5 -0.75 -0.140602 -0.136105
3.5 -0.5 -0.100372 -0.164397
3.5 -0.25 -0.0521167 -0.182379
3.5 0 -3.7164e-12 -0.18851
3.5 0.25 0.0521167 -0.182379
3.5 0.5 0.100372 -0.164397
3.5 0.75 0.140602 -0.136105
3.5 1 0.168792 -0.100824
3.5 1.25 0.182875 -0.0636024
3.5 1.5 0.184783 -0.0292936
3.5 1.75 0.178213 -0.000641227
3.5 2 0.166621 0.0216937
3.5 2.25 0.152485 0.0382853
3.5 2.5 0.137336 0.0501841
3.5 2.75 0.122021 0.0584794
3.5 3 0.106959 0.0641146
3.5 3.25 0.092322 0.06784
3.5 3.5 0.0781512 0.0702265
3.5 3.75 0.0644202 0.0716975
3.5 4 0.0510709 0.0725612
3.5 4.25 0.0380315 0.0730378
3.5 4.5 0.0252251 0.0732802
3.5 4.75 0.0125739 0.0733882
3.5 5 0 0
3.75 -5 0 0
3.75 -4.75 -0.0124844 0.0608147
3.75 -4.5 -0.0250105 0.0606186
3.75 -4.25 -0.0376171 0.060232
3.75 -4 -0.050337 0.0595603
3.75 -3.75 -0.0631912 0.058461
3.75 -3.5 -0.0761816 0.0567334
3.75 -3.25 -0.0892771 0.0541055
3.75 -3 -0.102393 0.0502198
3.75 -2.75 -0.115354 0.0446208
3.75 -2.5 -0.127842 0.0367538
3.75 -2.25 -0.139316 0.0259892
3.75 -2 -0.14891 0.0117013
3.75 -1.75 -0.155325 -0.00656326
3.75 -1.5 -0.156786 -0.0287963
3.75 -1.25 -0.151208 -0.0541509
3.75 -1 -0.136731 -0.0806569
3.75 -0.75 -0.112648 -0.10539
3.75 -0.5 -0.0801154 -0.12531
3.75 -0.25 -0.0415822 -0.138119
3.75 0 -6.35628e-12 -0.142523
3.75 0.25 0.0415822 -0.138119
3.75 0.5 0.0801154 -0.12531
3.75 0.75 0.112648 -0.10539
3.75 1 0.136731 -0.0806569
3.75 1.25 0.151208 -0.0541509
3.75 1.5 0.156786 -0.0287963
3.75 1.75 0.155325 -0.00656326
3.75 2 0.14891 0.0117013
3.75 2.25 0.139316 0.0259892
3.75 2.5 0.127842 0.0367538
3.75 2.75 0.115354 0.0446208
3.75 3 0.102393 0.0502198
3.75 3.25 0.0892771 0.0541055
3.75 3.5 0.0761816 0.0567334
3.75 3.75 0.0631912 0.058461
3.75 4 0.050337 0.0595603
3.75 4.25 0.0376171 0.060232
3.75 4.5 0.0250105 0.0606186
3.75 4.75 0.0124844 0.0608147
3.75 5 0 0
4 -5 0 0
4 -4.75 -0.0123533 0.0483777
4 -4.5 -0.0247153 0.0481475
4 -4.25 -0.0370896 0.0477113
4 -4 -0.0494686 0.0469871
4 -3.75 -0.061826 0.0458529
4 -3.5 -0.0741068 0.0441406
4 -3.25 -0.0862124 0.0416289
4 -3 -0.0979809 0.0380382
4 -2.75 -0.109158 0.0330303
4 -2.5 -0.119361 0.0262212
4 -2.25 -0.128028 0.0172166
4 -2 -0.13438 0.00568548
4 -1.75 -0.137389 -0.00851684
4 -1.5 -0.135828 -0.0251774
4 -1.25 -0.128441 -0.0435479
4 -1 -0.114278 -0.0622629
4 -0.75 -0.0931417 -0.0794891
4 -0.5 -0.0658592 -0.0933318
4 -0.25 -0.0340968 -0.102264
4 0 -8.59045e-12 -0.105345
4 0.25 0.0340968 -0.102264
4 0.5 0.0658592 -0.0933318
4 0.75 0.0931417 -0.0794891
4 1 0.114278 -0.0622629
4 1.25 0.128441 -0.0435479
4 1.5 0.135828 -0.0251774
4 1.75 0.137389 -0.00851684
4 2 0.13438 0.00568548
4 2.25 0.128028 0.0172166
4 2.5 0.119361 0.0262212
4 2.75 0.109158 0.0330303
4 3 0.0979809 0.0380382
4 3.25 0.0862124 0.0416289
4 3.5 0.0741068 0.0441406
4 3.75 0.061826 0.0458529
4 4 0.0494686 0.0469871
4 4.25 0.0370896 0.0477113
4 4.5 0.0247153 0.0481475
4 4.75 0.0123533 0.0483777
4 5 0 0
4.25 -5 0 0
4.25 -4.75 -0.0122134 0.0360994
4.25 -4.5 -0.0244078 0.0358823
4.25 -4.25 -0.0365574 0.0354787
4.25 -4 -0.0486218 0.0348239
4.25 -3.75 -0.0605376 0.0338229
4.25 -3.5 -0.0722071 0.0323471
4.25 -3.25 -0.0834847 0.0302314
4.25 -3 -0.0941603 0.0272738
4.25 -2.75 -0.103938 0.023241
4.25 -2.5 -0.112415 0.0178839
4.25 -2.25 -0.119056 0.0109705
4.25 -2 -0.123191 0.00234089
4.25 -1.75 -0.124022 -0.00801218
4.25 -1.5 -0.120698 -0.0198486
4.25 -1.25 -0.112449 -0.0326003
4.25 -1 -0.0987973 -0.0453577
4.25 -0.75 -0.0797822 -0.0569715
4.25 -0.5 -0.0560828 -0.0662647
4.25 -0.25 -0.0289459 -0.0722599
4.25 0 -1.03338e-11 -0.0743296
4.25 0.25 0.0289459 -0.0722599
4.25 0.5 0.0560828 -0.0662647
4.25 0.75 0.0797822 -0.0569715
4.25 1 0.0987973 -0.0453577
4.25 1.25 0.112449 -0.0326003
4.25 1.5 0.120698 -0.0198486
4.25 1.75 0.124022 -0.00801218
4.25 2 0.123191 0.00234089
4.25 2.25 0.119056 0.0109705
4.25 2.5 0.112415 0.0178839
4.25 2.75 0.103938 0.023241
4.25 3 0.0941603 0.0272738
4.25 3.25 0.0834847 0.0302314
4.25 3.5 0.0722071 0.0323471
4.25 3.75 0.0605376 0.0338229
4.25 4 0.0486218 0.0348239
4.25 4.25 0.0365574 0.0354787
4.25 4.5 0.0244078 0.0358823
4.25 4.75 0.0122134 0.0360994
4.25 5 0 0
4.5 -5 0 0
4.5 -4.75 -0.0120924 0.02397
4.5 -4.5 -0.0241451 0.0238035
4.5 -4.25 -0.0361102 0.0234973
4.5 -4 -0.0479237 0.0230069
4.5 -3.75 -0.0594955 0.0222677
4.5 -3.5 -0.0706992 0.0211935
4.5 -3.25 -0.0813591 0.0196757
4.5 -3 -0.0912374 0.0175847
4.5 -2.75 -0.10002 0.014776
4.5 -2.5 -0.107303 0.011103
4.5 -2.25 -0.112592 0.00644046
4.5 -2 -0.115305 0.000719807
4.5 -1.75 -0.114811 -0.00602421
4.5 -1.5 -0.110493 -0.0136044
4.5 -1.25 -0.10186 -0.021647
4.5 -1 -0.0886801 -0.029596
4.5 -0.75 -0.0711071 -0.0367746
4.5 -0.5 -0.0497438 -0.0424955
4.5 -0.25 -0.0256041 -0.0461812
4.5 0 -1.15326e-11 -0.0474533
4.5 0.25 0.0256041 -0.0461812
4.5 0.5 0.0497438 -0.0424955
4.5 0.75 0.0711071 -0.0367746
4.5 1 0.0886801 -0.029596
4.5 1.25 0.10186 -0.021647
4.5 1.5 0.110493 -0.0136044
4.5 1.75 0.114811 -0.00602421
4.5 2 0.115305 0.000719807
4.5 2.25 0.112592 0.00644046
4.5 2.5 0.107303 0.011103
4.5 2.75 0.10002 0.014776
4.5 3 0.0912374 0.0175847
4.5 3.25 0.0813591 0.0196757
4.5 3.5 0.0706992 0.0211935
4.5 3.75 0.0594955 0.0222677
4.5 4 0.0479237 0.0230069
4.5 4.25 0.0361102 0.0234973
4.5 4.5 0.0241451 0.0238035
4.5 4.75 0.0120924 0.02397
4.5 5 0 0
4.75 -5 0 0
4.75 -4.75 -0.0120113 0.0119543
4.75 -4.5 -0.02397 0.0118645
4.75 -4.25 -0.0358148 0.0117001
4.75 -4 -0.0474672 0.0114386
4.75 -3.75 -0.0588217 0.0110474
4.75 -3.5 -0.0697349 0.0104835
4.75 -3.25 -0.0800151 0.0096931
4.75 -3 -0.0894106 0.00861325
4.75 -2.75 -0.0975998 0.00717523
4.75 -2.5 -0.104187 0.0053117
4.75 -2.25 -0.108703 0.00296856
4.75 -2 -0.110627 0.000122086
4.75 -1.75 -0.109423 -0.00320002
4.75 -1.5 -0.104603 -0.00689797
4.75 -1.25 -0.0958182 -0.0107874
4.75 -1 -0.0829558 -0.0146047
4.75 -0.75 -0.0662222 -0.0180352
4.75 -0.5 -0.0461812 -0.0207617
4.75 -0.25 -0.0237267 -0.0225161
4.75 0 -1.21579e-11 -0.0231214
4.75 0.25 0.0237267 -0.0225161
4.75 0.5 0.0461812 -0.0207617
4.75 0.75 0.0662222 -0.0180352
4.75 1 0.0829558 -0.0146047
4.75 1.25 0.0958182 -0.0107874
4.75 1.5 0.104603 -0.00689797
4.75 1.75 0.109423 -0.00320002
4.75 2 0.110627 0.000122086
4.75 2.25 0.108703 0.00296856
4.75 2.5 0.104187 0.0053117
4.75 2.75 0.0975998 0.00717523
4.75 3 0.0894106 0.00861325
4.75 3.25 0.0800151 0.0096931
4.75 3.5 0.0697349 0.0104835
4.75 3.75 0.0588217 0.0110474
4.75 4 0.0474672 0.0114386
4.75 4.25 0.0358148 0.0117001
4.75 4.5 0.02397 0.0118645
4.75 4.75 0.0120113 0.0119543
4.75 5 0 0
5 -5 0 0
5 -4.75 0 0
5 -4.5 0 0
5 -4.25 0 0
5 -4 0 0
5 -3.75 0 0
5 -3.5 0 0
5 -3.25 0 0
5 -3 0 0
5 -2.75 0 0
5 -2.5 0 0
5 -2.25 0 0
5 -2 0 0
5 -1.75 0 0
5 -1.5 0 0
5 -1.25 0 0
5 -1 0 0
5 -0.75 0 0
5 -0.5 0 0
5 -0.25 0 0
5 0 0 0
5 0.25 0 0
5 0.5 0 0
5 0.75 0 0
5 1 0 0
5 1.25 0 0
5 1.5 0 0
5 1.75 0 0
5 2 0 0
5 2.25 0 0
5 2.5 0 0
5 2.75 0 0
5 3 0 0
5 3.25 0 0
5 3.5 0 0
5 3.75 0 0
5 4 0 0
5 4.25 0 0
5 4.5 0 0
5 4.75 0 0
5 5 0 0
