-5 -5 0
-5 -4.75 0
-5 -4.5 0
-5 -4.25 0
-5 -4 0
-5 -3.75 0
-5 -3.5 0
-5 -3.25 0
-5 -3 0
-5 -2.75 0
-5 -2.5 0
-5 -2.25 0
-5 -2 0
-5 -1.75 0
-5 -1.5 0
-5 -1.25 0
-5 -1 0
-5 -0.75 0
-5 -0.5 0
-5 -0.25 0
-5 0 0
-5 0.25 0
-5 0.5 0
-5 0.75 0
-5 1 0
-5 1.25 0
-5 1.5 0
-5 1.75 0
-5 2 0
-5 2.25 0
-5 2.5 0
-5 2.75 0
-5 3 0
-5 3.25 0
-5 3.5 0
-5 3.75 0
-5 4 0
-5 4.25 0
-5 4.5 0
-5 4.75 0
-5 5 0
-4.75 -5 0
-4.75 -4.75 -0.0029957
-4.75 -4.5 -0.00597715
-4.75 -4.25 -0.00892794
-4.75 -4 -0.0118272
-4.75 -3.75 -0.0146472
-4.75 -3.5 -0.0173509
-4.75 -3.25 -0.019889
-4.75 -3 -0.0221975
-4.75 -2.75 -0.0241956
-4.75 -2.5 -0.0257851
-4.75 -2.25 -0.0268515
-4.75 -2 -0.0272694
-4.75 -1.75 -0.0269125
-4.75 -1.5 -0.0256694
-4.75 -1.25 -0.0234635
-4.75 -1 -0.0202756
-4.75 -0.75 -0.0161612
-4.75 -0.5 -0.011258
-4.75 -0.25 -0.00578034
-4.75 0 -4.4978e-12
-4.75 0.25 0.00578034
-4.75 0.5 0.011258
-4.75 0.75 0.0161612
-4.75 1 0.0202756
-4.75 1.25 0.0234635
-4.75 1.5 0.0256694
-4.75 1.75 0.0269125
-4.75 2 0.0272694
-4.75 2.25 0.0268515
-4.75 2.5 0.0257851
-4.75 2.75 0.0241956
-4.75 3 0.0221975
-4.75 3.25 0.019889
-4.75 3.5 0.0173509
-4.75 3.75 0.0146472
-4.75 4 0.0118272
-4.75 4.25 0.00892794
-4.75 4.5 0.00597715
-4.75 4.75 0.0029957
-4.75 5 0
-4.5 -5 0
-4.5 -4.75 -0.00600565
-4.5 -4.5 -0.011985
-4.5 -4.25 -0.0179074
-4.5 -4 -0.0237336
-4.5 -3.75 -0.0294108
-4.5 -3.5 -0.0348675
-4.5 -3.25 -0.0400076
-4.5 -3 -0.0447053
-4.5 -2.75 -0.0487999
-4.5 -2.5 -0.0520933
-4.5 -2.25 -0.0543514
-4.5 -2 -0.0553135
-4.5 -1.75 -0.0547113
-4.5 -1.5 -0.0523014
-4.5 -1.25 -0.0479091
-4.5 -1 -0.0414779
-4.5 -0.75 -0.0331111
-4.5 -0.5 -0.0230906
-4.5 -0.25 -0.0118633
-4.5 0 -8.6979e-12
-4.5 0.25 0.0118633
-4.5 0.5 0.0230906
-4.5 0.75 0.0331111
-4.5 1 0.0414779
-4.5 1.25 0.0479091
-4.5 1.5 0.0523014
-4.5 1.75 0.0547113
-4.5 2 0.0553135
-4.5 2.25 0.0543514
-4.5 2.5 0.0520933
-4.5 2.75 0.0487999
-4.5 3 0.0447053
-4.5 3.25 0.0400076
-4.5 3.5 0.0348675
-4.5 3.75 0.0294108
-4.5 4 0.0237336
-4.5 4.25 0.0179074
-4.5 4.5 0.011985
-4.5 4.75 0.00600565
-4.5 5 0
-4.25 -5 0
-4.25 -4.75 -0.00904192
-4.25 -4.5 -0.0180497
-4.25 -4.25 -0.0269831
-4.25 -4 -0.0357891
-4.25 -3.75 -0.044395
-4.25 -3.5 -0.0527005
-4.25 -3.25 -0.0605685
-4.25 -3 -0.0678162
-4.25 -2.75 -0.0742054
-4.25 -2.5 -0.0794367
-4.25 -2.25 -0.0831474
-4.25 -2 -0.0849219
-4.25 -1.75 -0.0843178
-4.25 -1.5 -0.0809158
-4.25 -1.25 -0.0743936
-4.25 -1 -0.0646157
-4.25 -0.75 -0.0517147
-4.25 -0.5 -0.0361299
-4.25 -0.25 -0.0185824
-4.25 0 -1.24087e-11
-4.25 0.25 0.0185824
-4.25 0.5 0.0361299
-4.25 0.75 0.0517147
-4.25 1 0.0646157
-4.25 1.25 0.0743936
-4.25 1.5 0.0809158
-4.25 1.75 0.0843178
-4.25 2 0.0849219
-4.25 2.25 0.0831474
-4.25 2.5 0.0794367
-4.25 2.75 0.0742054
-4.25 3 0.0678162
-4.25 3.25 0.0605685
-4.25 3.5 0.0527005
-4.25 3.75 0.044395
-4.25 4 0.0357891
-4.25 4.25 0.0269831
-4.25 4.5 0.0180497
-4.25 4.75 0.00904192
-4.25 5 0
-4 -5 0
-4 -4.75 -0.0121123
-4 -4.5 -0.0241889
-4 -4.25 -0.0361861
-4 -4 -0.0480445
-4 -3.75 -0.0596796
-4 -3.5 -0.070971
-4 -3.25 -0.0817499
-4 -3 -0.0917854
-4 -2.75 -0.100769
-4 -2.5 -0.108301
-4 -2.25 -0.11388
-4 -2 -0.116909
-4 -1.75 -0.116722
-4 -1.5 -0.11265
-4 -1.25 -0.104134
-4 -1 -0.0908765
-4 -0.75 -0.0730022
-4 -0.5 -0.051132
-4 -0.25 -0.0263363
-4 0 -1.54601e-11
-4 0.25 0.0263363
-4 0.5 0.051132
-4 0.75 0.0730022
-4 1 0.0908765
-4 1.25 0.104134
-4 1.5 0.11265
-4 1.75 0.116722
-4 2 0.116909
-4 2.25 0.11388
-4 2.5 0.108301
-4 2.75 0.100769
-4 3 0.0917854
-4 3.25 0.0817499
-4 3.5 0.070971
-4 3.75 0.0596796
-4 4 0.0480445
-4 4.25 0.0361861
-4 4.5 0.0241889
-4 4.75 0.0121123
-4 5 0
-3.75 -5 0
-3.75 -4.75 -0.0152186
-3.75 -4.5 -0.0304073
-3.75 -4.25 -0.0455279
-3.75 -4 -0.0605234
-3.75 -3.75 -0.075308
-3.75 -3.5 -0.0897539
-3.75 -3.25 -0.103675
-3.75 -3 -0.116807
-3.75 -2.75 -0.128785
-3.75 -2.5 -0.139117
-3.75 -2.25 -0.147162
-3.75 -2 -0.152112
-3.75 -1.75 -0.153012
-3.75 -1.5 -0.14883
-3.75 -1.25 -0.138614
-3.75 -1 -0.121755
-3.75 -0.75 -0.0982856
-3.75 -0.5 -0.0690595
-3.75 -0.25 -0.0356308
-3.75 0 -1.77102e-11
-3.75 0.25 0.0356308
-3.75 0.5 0.0690595
-3.75 0.75 0.0982856
-3.75 1 0.121755
-3.75 1.25 0.138614
-3.75 1.5 0.14883
-3.75 1.75 0.153012
-3.75 2 0.152112
-3.75 2.25 0.147162
-3.75 2.5 0.139117
-3.75 2.75 0.128785
-3.75 3 0.116807
-3.75 3.25 0.103675
-3.75 3.5 0.0897539
-3.75 3.75 0.075308
-3.75 4 0.0605234
-3.75 4.25 0.0455279
-3.75 4.5 0.0304073
-3.75 4.75 0.0152186
-3.75 5 0
-3.5 -5 0
-3.5 -4.75 -0.0183545
-3.5 -4.5 -0.0366941
-3.5 -4.25 -0.0549946
-3.5 -4 -0.073213
-3.5 -3.75 -0.0912752
-3.5 -3.5 -0.109062
-3.5 -3.25 -0.126388
-3.5 -3 -0.142982
-3.5 -2.75 -0.158446
-3.5 -2.5 -0.172221
-3.5 -2.25 -0.183538
-3.5 -2 -0.191364
-3.5 -1.75 -0.194385
-3.5 -1.5 -0.191044
-3.5 -1.25 -0.179738
-3.5 -1 -0.159242
-3.5 -0.75 -0.129326
-3.5 -0.5 -0.0911897
-3.5 -0.25 -0.0471274
-3.5 0 -1.9052e-11
-3.5 0.25 0.0471274
-3.5 0.5 0.0911897
-3.5 0.75 0.129326
-3.5 1 0.159242
-3.5 1.25 0.179738
-3.5 1.5 0.191044
-3.5 1.75 0.194385
-3.5 2 0.191364
-3.5 2.25 0.183538
-3.5 2.5 0.172221
-3.5 2.75 0.158446
-3.5 3 0.142982
-3.5 3.25 0.126388
-3.5 3.5 0.109062
-3.5 3.75 0.0912752
-3.5 4 0.073213
-3.5 4.25 0.0549946
-3.5 4.5 0.0366941
-3.5 4.75 0.0183545
-3.5 5 0
-3.25 -5 0
-3.25 -4.75 -0.0215055
-3.25 -4.5 -0.0430199
-3.25 -4.25 -0.0645436
-3.25 -4 -0.0860588
-3.25 -3.75 -0.107518
-3.25 -3.5 -0.128829
-3.25 -3.25 -0.149836
-3.25 -3 -0.170286
-3.25 -2.75 -0.189795
-3.25 -2.5 -0.207785
-3.25 -2.25 -0.223404
-3.25 -2 -0.235422
-3.25 -1.75 -0.242119
-3.25 -1.5 -0.241221
-3.25 -1.25 -0.230052
-3.25 -1 -0.206151
-3.25 -0.75 -0.168587
-3.25 -0.5 -0.119246
-3.25 -0.25 -0.0616892
-3.25 0 -1.9422e-11
-3.25 0.25 0.0616892
-3.25 0.5 0.119246
-3.25 0.75 0.168587
-3.25 1 0.206151
-3.25 1.25 0.230052
-3.25 1.5 0.241221
-3.25 1.75 0.242119
-3.25 2 0.235422
-3.25 2.25 0.223404
-3.25 2.5 0.207785
-3.25 2.75 0.189795
-3.25 3 0.170286
-3.25 3.25 0.149836
-3.25 3.5 0.128829
-3.25 3.75 0.107518
-3.25 4 0.0860588
-3.25 4.25 0.0645436
-3.25 4.5 0.0430199
-3.25 4.75 0.0215055
-3.25 5 0
-3 -5 0
-3 -4.75 -0.0246475
-3 -4.5 -0.0493364
-3 -4.25 -0.0741011
-3 -4 -0.0989605
-3 -3.75 -0.123909
-3 -3.5 -0.148902
-3 -3.25 -0.173839
-3 -3 -0.198532
-3 -2.75 -0.222664
-3 -2.5 -0.24572
-3 -2.25 -0.266871
-3 -2 -0.284802
-3 -1.75 -0.297447
-3 -1.5 -0.301672
-3 -1.25 -0.293097
-3 -1 -0.266722
-3 -0.75 -0.219624
-3 -0.5 -0.155518
-3 -0.25 -0.0803835
-3 0 -1.8812e-11
-3 0.25 0.0803835
-3 0.5 0.155518
-3 0.75 0.219624
-3 1 0.266722
-3 1.25 0.293097
-3 1.5 0.301672
-3 1.75 0.297447
-3 2 0.284802
-3 2.25 0.266871
-3 2.5 0.24572
-3 2.75 0.222664
-3 3 0.198532
-3 3.25 0.173839
-3 3.5 0.148902
-3 3.75 0.123909
-3 4 0.0989605
-3 4.25 0.0741011
-3 4.5 0.0493364
-3 4.75 0.0246475
-3 5 0
-2.75 -5 0
-2.75 -4.75 -0.0277481
-2.75 -4.5 -0.0555773
-2.75 -4.25 -0.0835637
-2.75 -4 -0.111773
-2.75 -3.75 -0.140255
-2.75 -3.5 -0.169032
-2.75 -3.25 -0.198086
-2.75 -3 -0.227338
-2.75 -2.75 -0.25661
-2.75 -2.5 -0.285559
-2.75 -2.25 -0.313559
-2.75 -2 -0.339468
-2.75 -1.75 -0.361195
-2.75 -1.5 -0.374922
-2.75 -1.25 -0.373942
-2.75 -1 -0.348016
-2.75 -0.75 -0.28767
-2.75 -0.5 -0.202817
-2.75 -0.25 -0.104327
-2.75 0 -1.72878e-11
-2.75 0.25 0.104327
-2.75 0.5 0.202817
-2.75 0.75 0.28767
-2.75 1 0.348016
-2.75 1.25 0.373942
-2.75 1.5 0.374922
-2.75 1.75 0.361195
-2.75 2 0.339468
-2.75 2.25 0.313559
-2.75 2.5 0.285559
-2.75 2.75 0.25661
-2.75 3 0.227338
-2.75 3.25 0.198086
-2.75 3.5 0.169032
-2.75 3.75 0.140255
-2.75 4 0.111773
-2.75 4.25 0.0835637
-2.75 4.5 0.0555773
-2.75 4.75 0.0277481
-2.75 5 0
-2.5 -5 0
-2.5 -4.75 -0.0307677
-2.5 -4.5 -0.0616609
-2.5 -4.25 -0.0928031
-2.5 -4 -0.124314
-2.5 -3.75 -0.156306
-2.5 -3.5 -0.188884
-2.5 -3.25 -0.222134
-2.5 -3 -0.256124
-2.5 -2.75 -0.290877
-2.5 -2.5 -0.326348
-2.5 -2.25 -0.362338
-2.5 -2 -0.398315
-2.5 -1.75 -0.432944
-2.5 -1.5 -0.462878
-2.5 -1.25 -0.479732
-2.5 -1 -0.463733
-2.5 -0.75 -0.380221
-2.5 -0.5 -0.263753
-2.5 -0.25 -0.134109
-2.5 0 -1.50146e-11
-2.5 0.25 0.134109
-2.5 0.5 0.263753
-2.5 0.75 0.380221
-2.5 1 0.463733
-2.5 1.25 0.479732
-2.5 1.5 0.462878
-2.5 1.75 0.432944
-2.5 2 0.398315
-2.5 2.25 0.362338
-2.5 2.5 0.326348
-2.5 2.75 0.290877
-2.5 3 0.256124
-2.5 3.25 0.222134
-2.5 3.5 0.188884
-2.5 3.75 0.156306
-2.5 4 0.124314
-2.5 4.25 0.0928031
-2.5 4.5 0.0616609
-2.5 4.75 0.0307677
-2.5 5 0
-2.25 -5 0
-2.25 -4.75 -0.0336618
-2.25 -4.5 -0.0674954
-2.25 -4.25 -0.101674
-2.25 -4 -0.136373
-2.25 -3.75 -0.171773
-2.25 -3.5 -0.208062
-2.25 -3.25 -0.245445
-2.25 -3 -0.284145
-2.25 -2.75 -0.324428
-2.25 -2.5 -0.366617
-2.25 -2.25 -0.41113
-2.25 -2 -0.45851
-2.25 -1.75 -0.509388
-2.25 -1.5 -0.563914
-2.25 -1.25 -0.618376
-2.25 -1 -0.64696
-2.25 -0.75 -0.505731
-2.25 -0.5 -0.337864
-2.25 -0.25 -0.168357
-2.25 0 -1.22841e-11
-2.25 0.25 0.168357
-2.25 0.5 0.337864
-2.25 0.75 0.505731
-2.25 1 0.64696
-2.25 1.25 0.618376
-2.25 1.5 0.563914
-2.25 1.75 0.509388
-2.25 2 0.45851
-2.25 2.25 0.41113
-2.25 2.5 0.366617
-2.25 2.75 0.324428
-2.25 3 0.284145
-2.25 3.25 0.245445
-2.25 3.5 0.208062
-2.25 3.75 0.171773
-2.25 4 0.136373
-2.25 4.25 0.101674
-2.25 4.5 0.0674954
-2.25 4.75 0.0336618
-2.25 5 0
-2 -5 0
-2 -4.75 -0.0363841
-2 -4.5 -0.0729852
-2 -4.25 -0.110024
-2 -4 -0.147731
-2 -3.75 -0.186349
-2 -3.5 -0.226148
-2 -3.25 -0.267436
-2 -3 -0.310585
-2 -2.75 -0.356073
-2 -2.5 -0.404563
-2 -2.25 -0.457054
-2 -2 -0.515209
-2 -1.75 -0.582183
-2 -1.5 -0.665014
-2 -1.25 -0.7829
-2 -1 -1
-2 -0.75 -0.657879
-2 -0.5 -0.413614
-2 -0.25 -0.201454
-2 0 -9.50886e-12
-2 0.25 0.201454
-2 0.5 0.413614
-2 0.75 0.657879
-2 1 1
-2 1.25 0.7829
-2 1.5 0.665014
-2 1.75 0.582183
-2 2 0.515209
-2 2.25 0.457054
-2 2.5 0.404563
-2 2.75 0.356073
-2 3 0.310585
-2 3.25 0.267436
-2 3.5 0.226148
-2 3.75 0.186349
-2 4 0.147731
-2 4.25 0.110024
-2 4.5 0.0729852
-2 4.75 0.0363841
-2 5 0
-1.75 -5 0
-1.75 -4.75 -0.0388893
-1.75 -4.5 -0.0780369
-1.75 -4.25 -0.117707
-1.75 -4 -0.158177
-1.75 -3.75 -0.199745
-1.75 -3.5 -0.242745
-1.75 -3.25 -0.287567
-1.75 -3 -0.334685
-1.75 -2.75 -0.384716
-1.75 -2.5 -0.438509
-1.75 -2.25 -0.497312
-1.75 -2 -0.56309
-1.75 -1.75 -0.639119
-1.75 -1.5 -0.73106
-1.75 -1.25 -0.848208
-1.75 -1 -1
-1.75 -0.75 -0.712169
-1.75 -0.5 -0.45726
-1.75 -0.25 -0.223845
-1.75 0 -7.10327e-12
-1.75 0.25 0.223845
-1.75 0.5 0.45726
-1.75 0.75 0.712169
-1.75 1 1
-1.75 1.25 0.848208
-1.75 1.5 0.73106
-1.75 1.75 0.639119
-1.75 2 0.56309
-1.75 2.25 0.497312
-1.75 2.5 0.438509
-1.75 2.75 0.384716
-1.75 3 0.334685
-1.75 3.25 0.287567
-1.75 3.5 0.242745
-1.75 3.75 0.199745
-1.75 4 0.158177
-1.75 4.25 0.117707
-1.75 4.5 0.0780369
-1.75 4.75 0.0388893
-1.75 5 0
-1.5 -5 0
-1.5 -4.75 -0.0411362
-1.5 -4.5 -0.0825662
-1.5 -4.25 -0.12459
-1.5 -4 -0.167524
-1.5 -3.75 -0.211709
-1.5 -3.5 -0.257522
-1.5 -3.25 -0.305401
-1.5 -3 -0.355873
-1.5 -2.75 -0.409597
-1.5 -2.5 -0.467443
-1.5 -2.25 -0.530596
-1.5 -2 -0.60072
-1.5 -1.75 -0.680145
-1.5 -1.5 -0.7719
-1.5 -1.25 -0.878871
-1.5 -1 -1
-1.5 -0.75 -0.733539
-1.5 -0.5 -0.479412
-1.5 -0.25 -0.236667
-1.5 0 -5.21196e-12
-1.5 0.25 0.236667
-1.5 0.5 0.479412
-1.5 0.75 0.733539
-1.5 1 1
-1.5 1.25 0.878871
-1.5 1.5 0.7719
-1.5 1.75 0.680145
-1.5 2 0.60072
-1.5 2.25 0.530596
-1.5 2.5 0.467443
-1.5 2.75 0.409597
-1.5 3 0.355873
-1.5 3.25 0.305401
-1.5 3.5 0.257522
-1.5 3.75 0.211709
-1.5 4 0.167524
-1.5 4.25 0.12459
-1.5 4.5 0.0825662
-1.5 4.75 0.0411362
-1.5 5 0
-1.25 -5 0
-1.25 -4.75 -0.0430895
-1.25 -4.5 -0.0865011
-1.25 -4.25 -0.130564
-1.25 -4 -0.175622
-1.25 -3.75 -0.222043
-1.25 -3.5 -0.270231
-1.25 -3.25 -0.320643
-1.25 -3 -0.373807
-1.25 -2.75 -0.430358
-1.25 -2.5 -0.491071
-1.25 -2.25 -0.556908
-1.25 -2 -0.629048
-1.25 -1.75 -0.708841
-1.25 -1.5 -0.797522
-1.25 -1.25 -0.895378
-1.25 -1 -1
-1.25 -0.75 -0.742573
-1.25 -0.5 -0.490182
-1.25 -0.25 -0.243412
-1.25 0 -3.80856e-12
-1.25 0.25 0.243412
-1.25 0.5 0.490182
-1.25 0.75 0.742573
-1.25 1 1
-1.25 1.25 0.895378
-1.25 1.5 0.797522
-1.25 1.75 0.708841
-1.25 2 0.629048
-1.25 2.25 0.556908
-1.25 2.5 0.491071
-1.25 2.75 0.430358
-1.25 3 0.373807
-1.25 3.25 0.320643
-1.25 3.5 0.270231
-1.25 3.75 0.222043
-1.25 4 0.175622
-1.25 4.25 0.130564
-1.25 4.5 0.0865011
-1.25 4.75 0.0430895
-1.25 5 0
-1 -5 0
-1 -4.75 -0.0447206
-1 -4.5 -0.0897848
-1 -4.25 -0.135542
-1 -4 -0.182356
-1 -3.75 -0.230611
-1 -3.5 -0.280718
-1 -3.25 -0.333132
-1 -3 -0.388355
-1 -2.75 -0.446956
-1 -2.5 -0.509574
-1 -2.25 -0.576917
-1 -2 -0.649725
-1 -1.75 -0.728647
-1 -1.5 -0.813971
-1 -1.25 -0.905118
-1 -1 -1
-1 -0.75 -0.746573
-1 -0.5 -0.49533
-1 -0.25 -0.246798
-1 0 -2.8075e-12
-1 0.25 0.246798
-1 0.5 0.49533
-1 0.75 0.746573
-1 1 1
-1 1.25 0.905118
-1 1.5 0.813971
-1 1.75 0.728647
-1 2 0.649725
-1 2.25 0.576917
-1 2.5 0.509574
-1 2.75 0.446956
-1 3 0.388355
-1 3.25 0.333132
-1 3.5 0.280718
-1 3.75 0.230611
-1 4 0.182356
-1 4.25 0.135542
-1 4.5 0.0897848
-1 4.75 0.0447206
-1 5 0
-0.75 -5 0
-0.75 -4.75 -0.0460083
-0.75 -4.5 -0.092375
-0.75 -4.25 -0.139464
-0.75 -4 -0.18765
-0.75 -3.75 -0.237325
-0.75 -3.5 -0.288899
-0.75 -3.25 -0.342811
-0.75 -3 -0.399526
-0.75 -2.75 -0.459537
-0.75 -2.5 -0.523352
-0.75 -2.25 -0.591462
-0.75 -2 -0.664287
-0.75 -1.75 -0.742051
-0.75 -1.5 -0.824595
-0.75 -1.25 -0.911124
-0.75 -1 -1
-0.75 -0.75 -0.748389
-0.75 -0.5 -0.497767
-0.75 -0.25 -0.248449
-0.75 0 -2.12048e-12
-0.75 0.25 0.248449
-0.75 0.5 0.497767
-0.75 0.75 0.748389
-0.75 1 1
-0.75 1.25 0.911124
-0.75 1.5 0.824595
-0.75 1.75 0.742051
-0.75 2 0.664287
-0.75 2.25 0.591462
-0.75 2.5 0.523352
-0.75 2.75 0.459537
-0.75 3 0.399526
-0.75 3.25 0.342811
-0.75 3.5 0.288899
-0.75 3.75 0.237325
-0.75 4 0.18765
-0.75 4.25 0.139464
-0.75 4.5 0.092375
-0.75 4.75 0.0460083
-0.75 5 0
-0.5 -5 0
-0.5 -4.75 -0.0469374
-0.5 -4.5 -0.0942429
-0.5 -4.25 -0.142289
-0.5 -4 -0.191457
-0.5 -3.75 -0.242139
-0.5 -3.5 -0.294742
-0.5 -3.25 -0.349686
-0.5 -3 -0.407401
-0.5 -2.75 -0.468316
-0.5 -2.5 -0.532833
-0.5 -2.25 -0.601293
-0.5 -2 -0.67391
-0.5 -1.75 -0.750675
-0.5 -1.5 -0.831236
-0.5 -1.25 -0.914782
-0.5 -1 -1
-0.5 -0.75 -0.749215
-0.5 -0.5 -0.498902
-0.5 -0.25 -0.249231
-0.5 0 -1.6764e-12
-0.5 0.25 0.249231
-0.5 0.5 0.498902
-0.5 0.75 0.749215
-0.5 1 1
-0.5 1.25 0.914782
-0.5 1.5 0.831236
-0.5 1.75 0.750675
-0.5 2 0.67391
-0.5 2.25 0.601293
-0.5 2.5 0.532833
-0.5 2.75 0.468316
-0.5 3 0.407401
-0.5 3.25 0.349686
-0.5 3.5 0.294742
-0.5 3.75 0.242139
-0.5 4 0.191457
-0.5 4.25 0.142289
-0.5 4.5 0.0942429
-0.5 4.75 0.0469374
-0.5 5 0
-0.25 -5 0
-0.25 -4.75 -0.0474983
-0.25 -4.5 -0.0953701
-0.25 -4.25 -0.143992
-0.25 -4 -0.193749
-0.25 -3.75 -0.245032
-0.25 -3.5 -0.298243
-0.25 -3.25 -0.35379
-0.25 -3 -0.412078
-0.25 -2.75 -0.473491
-0.25 -2.5 -0.538371
-0.25 -2.25 -0.606968
-0.25 -2 -0.679386
-0.25 -1.75 -0.755502
-0.25 -1.5 -0.834891
-0.25 -1.25 -0.916768
-0.25 -1 -1
-0.25 -0.75 -0.749569
-0.25 -0.5 -0.499394
-0.25 -0.25 -0.249574
-0.25 0 -1.42521e-12
-0.25 0.25 0.249574
-0.25 0.5 0.499394
-0.25 0.75 0.749569
-0.25 1 1
-0.25 1.25 0.916768
-0.25 1.5 0.834891
-0.25 1.75 0.755502
-0.25 2 0.679386
-0.25 2.25 0.606968
-0.25 2.5 0.538371
-0.25 2.75 0.473491
-0.25 3 0.412078
-0.25 3.25 0.35379
-0.25 3.5 0.298243
-0.25 3.75 0.245032
-0.25 4 0.193749
-0.25 4.25 0.143992
-0.25 4.5 0.0953701
-0.25 4.75 0.0474983
-0.25 5 0
0 -5 0
0 -4.75 -0.0476859
0 -4.5 -0.0957468
0 -4.25 -0.144561
0 -4 -0.194514
0 -3.75 -0.245997
0 -3.5 -0.299409
0 -3.25 -0.355154
0 -3 -0.413627
0 -2.75 -0.4752
0 -2.5 -0.540191
0 -2.25 -0.608823
0 -2 -0.681163
0 -1.75 -0.757057
0 -1.5 -0.83606
0 -1.25 -0.917399
0 -1 -1
0 -0.75 -0.749667
0 -0.5 -0.499531
0 -0.25 -0.24967
0 0 -1.33658e-12
0 0.25 0.24967
0 0.5 0.499531
0 0.75 0.749667
0 1 1
0 1.25 0.917399
0 1.5 0.83606
0 1.75 0.757057
0 2 0.681163
0 2.25 0.608823
0 2.5 0.540191
0 2.75 0.4752
0 3 0.413627
0 3.25 0.355154
0 3.5 0.299409
0 3.75 0.245997
0 4 0.194514
0 4.25 0.144561
0 4.5 0.0957468
0 4.75 0.0476859
0 5 0
0.25 -5 0
0.25 -4.75 -0.0474983
0.25 -4.5 -0.0953701
0.25 -4.25 -0.143992
0.25 -4 -0.193749
0.25 -3.75 -0.245032
0.25 -3.5 -0.298243
0.25 -3.25 -0.35379
0.25 -3 -0.412078
0.25 -2.75 -0.473491
0.25 -2.5 -0.538371
0.25 -2.25 -0.606968
0.25 -2 -0.679386
0.25 -1.75 -0.755502
0.25 -1.5 -0.834891
0.25 -1.25 -0.916768
0.25 -1 -1
0.25 -0.75 -0.749569
0.25 -0.5 -0.499394
0.25 -0.25 -0.249574
0.25 0 -1.39781e-12
0.25 0.25 0.249574
0.25 0.5 0.499394
0.25 0.75 0.749569
0.25 1 1
0.25 1.25 0.916768
0.25 1.5 0.834891
0.25 1.75 0.755502
0.25 2 0.679386
0.25 2.25 0.606968
0.25 2.5 0.538371
0.25 2.75 0.473491
0.25 3 0.412078
0.25 3.25 0.35379
0.25 3.5 0.298243
0.25 3.75 0.245032
0.25 4 0.193749
0.25 4.25 0.143992
0.25 4.5 0.0953701
0.25 4.75 0.0474983
0.25 5 0
0.5 -5 0
0.5 -4.75 -0.0469374
0.5 -4.5 -0.0942429
0.5 -4.25 -0.142289
0.5 -4 -0.191457
0.5 -3.75 -0.242139
0.5 -3.5 -0.294742
0.5 -3.25 -0.349686
0.5 -3 -0.407401
0.5 -2.75 -0.468316
0.5 -2.5 -0.532833
0.5 -2.25 -0.601293
0.5 -2 -0.67391
0.5 -1.75 -0.750675
0.5 -1.5 -0.831236
0.5 -1.25 -0.914782
0.5 -1 -1
0.5 -0.75 -0.749215
0.5 -0.5 -0.498902
0.5 -0.25 -0.249231
0.5 0 -1.61237e-12
0.5 0.25 0.249231
0.5 0.5 0.498902
0.5 0.75 0.749215
0.5 1 1
0.5 1.25 0.914782
0.5 1.5 0.831236
0.5 1.75 0.750675
0.5 2 0.67391
0.5 2.25 0.601293
0.5 2.5 0.532833
0.5 2.75 0.468316
0.5 3 0.407401
0.5 3.25 0.349686
0.5 3.5 0.294742
0.5 3.75 0.242139
0.5 4 0.191457
0.5 4.25 0.142289
0.5 4.5 0.0942429
0.5 4.75 0.0469374
0.5 5 0
0.75 -5 0
0.75 -4.75 -0.0460083
0.75 -4.5 -0.092375
0.75 -4.25 -0.139464
0.75 -4 -0.18765
0.75 -3.75 -0.237325
0.75 -3.5 -0.288899
0.75 -3.25 -0.342811
0.75 -3 -0.399526
0.75 -2.75 -0.459537
0.75 -2.5 -0.523352
0.75 -2.25 -0.591462
0.75 -2 -0.664287
0.75 -1.75 -0.742051
0.75 -1.5 -0.824595
0.75 -1.25 -0.911124
0.75 -1 -1
0.75 -0.75 -0.748389
0.75 -0.5 -0.497767
0.75 -0.25 -0.248449
0.75 0 -1.99973e-12
0.75 0.25 0.248449
0.75 0.5 0.497767
0.75 0.75 0.748389
0.75 1 1
0.75 1.25 0.911124
0.75 1.5 0.824595
0.75 1.75 0.742051
0.75 2 0.664287
0.75 2.25 0.591462
0.75 2.5 0.523352
0.75 2.75 0.459537
0.75 3 0.399526
0.75 3.25 0.342811
0.75 3.5 0.288899
0.75 3.75 0.237325
0.75 4 0.18765
0.75 4.25 0.139464
0.75 4.5 0.092375
0.75 4.75 0.0460083
0.75 5 0
1 -5 0
1 -4.75 -0.0447206
1 -4.5 -0.0897848
1 -4.25 -0.135542
1 -4 -0.182356
1 -3.75 -0.230611
1 -3.5 -0.280718
1 -3.25 -0.333132
1 -3 -0.388355
1 -2.75 -0.446956
1 -2.5 -0.509574
1 -2.25 -0.576917
1 -2 -0.649725
1 -1.75 -0.728647
1 -1.5 -0.813971
1 -1.25 -0.905118
1 -1 -1
1 -0.75 -0.746573
1 -0.5 -0.49533
1 -0.25 -0.246798
1 0 -2.59566e-12
1 0.25 0.246798
1 0.5 0.49533
1 0.75 0.746573
1 1 1
1 1.25 0.905118
1 1.5 0.813971
1 1.75 0.728647
1 2 0.649725
1 2.25 0.576917
1 2.5 0.509574
1 2.75 0.446956
1 3 0.388355
1 3.25 0.333132
1 3.5 0.280718
1 3.75 0.230611
1 4 0.182356
1 4.25 0.135542
1 4.5 0.0897848
1 4.75 0.0447206
1 5 0
1.25 -5 0
1.25 -4.75 -0.0430895
1.25 -4.5 -0.0865011
1.25 -4.25 -0.130564
1.25 -4 -0.175622
1.25 -3.75 -0.222043
1.25 -3.5 -0.270231
1.25 -3.25 -0.320643
1.25 -3 -0.373807
1.25 -2.75 -0.430358
1.25 -2.5 -0.491071
1.25 -2.25 -0.556908
1.25 -2 -0.629048
1.25 -1.75 -0.708841
1.25 -1.5 -0.797522
1.25 -1.25 -0.895378
1.25 -1 -1
1.25 -0.75 -0.742573
1.25 -0.5 -0.490182
1.25 -0.25 -0.243412
1.25 0 -3.45176e-12
1.25 0.25 0.243412
1.25 0.5 0.490182
1.25 0.75 0.742573
1.25 1 1
1.25 1.25 0.895378
1.25 1.5 0.797522
1.25 1.75 0.708841
1.25 2 0.629048
1.25 2.25 0.556908
1.25 2.5 0.491071
1.25 2.75 0.430358
1.25 3 0.373807
1.25 3.25 0.320643
1.25 3.5 0.270231
1.25 3.75 0.222043
1.25 4 0.175622
1.25 4.25 0.130564
1.25 4.5 0.0865011
1.25 4.75 0.0430895
1.25 5 0
1.5 -5 0
1.5 -4.75 -0.0411362
1.5 -4.5 -0.0825662
1.5 -4.25 -0.12459
1.5 -4 -0.167524
1.5 -3.75 -0.211709
1.5 -3.5 -0.257522
1.5 -3.25 -0.305401
1.5 -3 -0.355873
1.5 -2.75 -0.409597
1.5 -2.5 -0.467443
1.5 -2.25 -0.530596
1.5 -2 -0.60072
1.5 -1.75 -0.680145
1.5 -1.5 -0.7719
1.5 -1.25 -0.878871
1.5 -1 -1
1.5 -0.75 -0.733539
1.5 -0.5 -0.479412
1.5 -0.25 -0.236667
1.5 0 -4.63032e-12
1.5 0.25 0.236667
1.5 0.5 0.479412
1.5 0.75 0.733539
1.5 1 1
1.5 1.25 0.878871
1.5 1.5 0.7719
1.5 1.75 0.680145
1.5 2 0.60072
1.5 2.25 0.530596
1.5 2.5 0.467443
1.5 2.75 0.409597
1.5 3 0.355873
1.5 3.25 0.305401
1.5 3.5 0.257522
1.5 3.75 0.211709
1.5 4 0.167524
1.5 4.25 0.12459
1.5 4.5 0.0825662
1.5 4.75 0.0411362
1.5 5 0
1.75 -5 0
1.75 -4.75 -0.0388893
1.75 -4.5 -0.0780369
1.75 -4.25 -0.117707
1.75 -4 -0.158177
1.75 -3.75 -0.199745
1.75 -3.5 -0.242745
1.75 -3.25 -0.287567
1.75 -3 -0.334685
1.75 -2.75 -0.384716
1.75 -2.5 -0.438509
1.75 -2.25 -0.497312
1.75 -2 -0.56309
1.75 -1.75 -0.639119
1.75 -1.5 -0.73106
1.75 -1.25 -0.848208
1.75 -1 -1
1.75 -0.75 -0.712169
1.75 -0.5 -0.45726
1.75 -0.25 -0.223845
1.75 0 -6.1857e-12
1.75 0.25 0.223845
1.75 0.5 0.45726
1.75 0.75 0.712169
1.75 1 1
1.75 1.25 0.848208
1.75 1.5 0.73106
1.75 1.75 0.639119
1.75 2 0.56309
1.75 2.25 0.497312
1.75 2.5 0.438509
1.75 2.75 0.384716
1.75 3 0.334685
1.75 3.25 0.287567
1.75 3.5 0.242745
1.75 3.75 0.199745
1.75 4 0.158177
1.75 4.25 0.117707
1.75 4.5 0.0780369
1.75 4.75 0.0388893
1.75 5 0
2 -5 0
2 -4.75 -0.0363841
2 -4.5 -0.0729852
2 -4.25 -0.110024
2 -4 -0.147731
2 -3.75 -0.186349
2 -3.5 -0.226148
2 -3.25 -0.267436
2 -3 -0.310585
2 -2.75 -0.356073
2 -2.5 -0.404563
2 -2.25 -0.457054
2 -2 -0.515209
2 -1.75 -0.582183
2 -1.5 -0.665014
2 -1.25 -0.7829
2 -1 -1
2 -0.75 -0.657879
2 -0.5 -0.413614
2 -0.25 -0.201454
2 0 -8.11658e-12
2 0.25 0.201454
2 0.5 0.413614
2 0.75 0.657879
2 1 1
2 1.25 0.7829
2 1.5 0.665014
2 1.75 0.582183
2 2 0.515209
2 2.25 0.457054
2 2.5 0.404563
2 2.75 0.356073
2 3 0.310585
2 3.25 0.267436
2 3.5 0.226148
2 3.75 0.186349
2 4 0.147731
2 4.25 0.110024
2 4.5 0.0729852
2 4.75 0.0363841
2 5 0
2.25 -5 0
2.25 -4.75 -0.0336618
2.25 -4.5 -0.0674954
2.25 -4.25 -0.101674
2.25 -4 -0.136373
2.25 -3.75 -0.171773
2.25 -3.5 -0.208062
2.25 -3.25 -0.245445
2.25 -3 -0.284145
2.25 -2.75 -0.324428
2.25 -2.5 -0.366617
2.25 -2.25 -0.41113
2.25 -2 -0.45851
2.25 -1.75 -0.509388
2.25 -1.5 -0.563914
2.25 -1.25 -0.618376
2.25 -1 -0.64696
2.25 -0.75 -0.505731
2.25 -0.5 -0.337864
2.25 -0.25 -0.168357
2.25 0 -1.02778e-11
2.25 0.25 0.168357
2.25 0.5 0.337864
2.25 0.75 0.505731
2.25 1 0.64696
2.25 1.25 0.618376
2.25 1.5 0.563914
2.25 1.75 0.509388
2.25 2 0.45851
2.25 2.25 0.41113
2.25 2.5 0.366617
2.25 2.75 0.324428
2.25 3 0.284145
2.25 3.25 0.245445
2.25 3.5 0.208062
2.25 3.75 0.171773
2.25 4 0.136373
2.25 4.25 0.101674
2.25 4.5 0.0674954
2.25 4.75 0.0336618
2.25 5 0
2.5 -5 0
2.5 -4.75 -0.0307677
2.5 -4.5 -0.0616609
2.5 -4.25 -0.0928031
2.5 -4 -0.124314
2.5 -3.75 -0.156306
2.5 -3.5 -0.188884
2.5 -3.25 -0.222134
2.5 -3 -0.256124
2.5 -2.75 -0.290877
2.5 -2.5 -0.326348
2.5 -2.25 -0.362338
2.5 -2 -0.398315
2.5 -1.75 -0.432944
2.5 -1.5 -0.462878
2.5 -1.25 -0.479732
2.5 -1 -0.463733
2.5 -0.75 -0.380221
2.5 -0.5 -0.263753
2.5 -0.25 -0.134109
2.5 0 -1.23137e-11
2.5 0.25 0.134109
2.5 0.5 0.263753
2.5 0.75 0.380221
2.5 1 0.463733
2.5 1.25 0.479732
2.5 1.5 0.462878
2.5 1.75 0.432944
2.5 2 0.398315
2.5 2.25 0.362338
2.5 2.5 0.326348
2.5 2.75 0.290877
2.5 3 0.256124
2.5 3.25 0.222134
2.5 3.5 0.188884
2.5 3.75 0.156306
2.5 4 0.124314
2.5 4.25 0.0928031
2.5 4.5 0.0616609
2.5 4.75 0.0307677
2.5 5 0
2.75 -5 0
2.75 -4.75 -0.0277481
2.75 -4.5 -0.0555773
2.75 -4.25 -0.0835637
2.75 -4 -0.111773
2.75 -3.75 -0.140255
2.75 -3.5 -0.169032
2.75 -3.25 -0.198086
2.75 -3 -0.227338
2.75 -2.75 -0.25661
2.75 -2.5 -0.285559
2.75 -2.25 -0.313559
2.75 -2 -0.339468
2.75 -1.75 -0.361195
2.75 -1.5 -0.374922
2.75 -1.25 -0.373942
2.75 -1 -0.348016
2.75 -0.75 -0.28767
2.75 -0.5 -0.202817
2.75 -0.25 -0.104327
2.75 0 -1.38973e-11
2.75 0.25 0.104327
2.75 0.5 0.202817
2.75 0.75 0.28767
2.75 1 0.348016
2.75 1.25 0.373942
2.75 1.5 0.374922
2.75 1.75 0.361195
2.75 2 0.339468
2.75 2.25 0.313559
2.75 2.5 0.285559
2.75 2.75 0.25661
2.75 3 0.227338
2.75 3.25 0.198086
2.75 3.5 0.169032
2.75 3.75 0.140255
2.75 4 0.111773
2.75 4.25 0.0835637
2.75 4.5 0.0555773
2.75 4.75 0.0277481
2.75 5 0
3 -5 0
3 -4.75 -0.0246475
3 -4.5 -0.0493364
3 -4.25 -0.0741011
3 -4 -0.0989605
3 -3.75 -0.123909
3 -3.5 -0.148902
3 -3.25 -0.173839
3 -3 -0.198532
3 -2.75 -0.222664
3 -2.5 -0.24572
3 -2.25 -0.266871
3 -2 -0.284802
3 -1.75 -0.297447
3 -1.5 -0.301672
3 -1.25 -0.293097
3 -1 -0.266722
3 -0.75 -0.219624
3 -0.5 -0.155518
3 -0.25 -0.0803835
3 0 -1.48233e-11
3 0.25 0.0803835
3 0.5 0.155518
3 0.75 0.219624
3 1 0.266722
3 1.25 0.293097
3 1.5 0.301672
3 1.75 0.297447
3 2 0.284802
3 2.25 0.266871
3 2.5 0.24572
3 2.75 0.222664
3 3 0.198532
3 3.25 0.173839
3 3.5 0.148902
3 3.75 0.123909
3 4 0.0989605
3 4.25 0.0741011
3 4.5 0.0493364
3 4.75 0.0246475
3 5 0
3.25 -5 0
3.25 -4.75 -0.0215055
3.25 -4.5 -0.0430199
3.25 -4.25 -0.0645436
3.25 -4 -0.0860588
3.25 -3.75 -0.107518
3.25 -3.5 -0.128829
3.25 -3.25 -0.149836
3.25 -3 -0.170286
3.25 -2.75 -0.189795
3.25 -2.5 -0.207785
3.25 -2.25 -0.223404
3.25 -2 -0.235422
3.25 -1.75 -0.242119
3.25 -1.5 -0.241221
3.25 -1.25 -0.230052
3.25 -1 -0.206151
3.25 -0.75 -0.168587
3.25 -0.5 -0.119246
3.25 -0.25 -0.0616892
3.25 0 -1.5001e-11
3.25 0.25 0.0616892
3.25 0.5 0.119246
3.25 0.75 0.168587
3.25 1 0.206151
3.25 1.25 0.230052
3.25 1.5 0.241221
3.25 1.75 0.242119
3.25 2 0.235422
3.25 2.25 0.223404
3.25 2.5 0.207785
3.25 2.75 0.189795
3.25 3 0.170286
3.25 3.25 0.149836
3.25 3.5 0.128829
3.25 3.75 0.107518
3.25 4 0.0860588
3.25 4.25 0.0645436
3.25 4.5 0.0430199
3.25 4.75 0.0215055
3.25 5 0
3.5 -5 0
3.5 -4.75 -0.0183545
3.5 -4.5 -0.0366941
3.5 -4.25 -0.0549946
3.5 -4 -0.073213
3.5 -3.75 -0.0912752
3.5 -3.5 -0.109062
3.5 -3.25 -0.126388
3.5 -3 -0.142982
3.5 -2.75 -0.158446
3.5 -2.5 -0.172221
3.5 -2.25 -0.183538
3.5 -2 -0.191364
3.5 -1.75 -0.194385
3.5 -1.5 -0.191044
3.5 -1.25 -0.179738
3.5 -1 -0.159242
3.5 -0.75 -0.129326
3.5 -0.5 -0.0911897
3.5 -0.25 -0.0471274
3.5 0 -1.4424e-11
3.5 0.25 0.0471274
3.5 0.5 0.0911897
3.5 0.75 0.129326
3.5 1 0.159242
3.5 1.25 0.179738
3.5 1.5 0.191044
3.5 1.75 0.194385
3.5 2 0.191364
3.5 2.25 0.183538
3.5 2.5 0.172221
3.5 2.75 0.158446
3.5 3 0.142982
3.5 3.25 0.126388
3.5 3.5 0.109062
3.5 3.75 0.0912752
3.5 4 0.073213
3.5 4.25 0.0549946
3.5 4.5 0.0366941
3.5 4.75 0.0183545
3.5 5 0
3.75 -5 0
3.75 -4.75 -0.0152186
3.75 -4.5 -0.0304073
3.75 -4.25 -0.0455279
3.75 -4 -0.0605234
3.75 -3.75 -0.075308
3.75 -3.5 -0.0897539
3.75 -3.25 -0.103675
3.75 -3 -0.116807
3.75 -2.75 -0.128785
3.75 -2.5 -0.139117
3.75 -2.25 -0.147162
3.75 -2 -0.152112
3.75 -1.75 -0.153012
3.75 -1.5 -0.14883
3.75 -1.25 -0.138614
3.75 -1 -0.121755
3.75 -0.75 -0.0982856
3.75 -0.5 -0.0690595
3.75 -0.25 -0.0356308
3.75 0 -1.31428e-11
3.75 0.25 0.0356308
3.75 0.5 0.0690595
3.75 0.75 0.0982856
3.75 1 0.121755
3.75 1.25 0.138614
3.75 1.5 0.14883
3.75 1.75 0.153012
3.75 2 0.152112
3.75 2.25 0.147162
3.75 2.5 0.139117
3.75 2.75 0.128785
3.75 3 0.116807
3.75 3.25 0.103675
3.75 3.5 0.0897539
3.75 3.75 0.075308
3.75 4 0.0605234
3.75 4.25 0.0455279
3.75 4.5 0.0304073
3.75 4.75 0.0152186
3.75 5 0
4 -5 0
4 -4.75 -0.0121123
4 -4.5 -0.0241889
4 -4.25 -0.0361861
4 -4 -0.0480445
4 -3.75 -0.0596796
4 -3.5 -0.070971
4 -3.25 -0.0817499
4 -3 -0.0917854
4 -2.75 -0.100769
4 -2.5 -0.108301
4 -2.25 -0.11388
4 -2 -0.116909
4 -1.75 -0.116722
4 -1.5 -0.11265
4 -1.25 -0.104134
4 -1 -0.0908765
4 -0.75 -0.0730022
4 -0.5 -0.051132
4 -0.25 -0.0263363
4 0 -1.12459e-11
4 0.25 0.0263363
4 0.5 0.051132
4 0.75 0.0730022
4 1 0.0908765
4 1.25 0.104134
4 1.5 0.11265
4 1.75 0.116722
4 2 0.116909
4 2.25 0.11388
4 2.5 0.108301
4 2.75 0.100769
4 3 0.0917854
4 3.25 0.0817499
4 3.5 0.070971
4 3.75 0.0596796
4 4 0.0480445
4 4.25 0.0361861
4 4.5 0.0241889
4 4.75 0.0121123
4 5 0
4.25 -5 0
4.25 -4.75 -0.00904192
4.25 -4.5 -0.0180497
4.25 -4.25 -0.0269831
4.25 -4 -0.0357891
4.25 -3.75 -0.044395
4.25 -3.5 -0.0527005
4.25 -3.25 -0.0605685
4.25 -3 -0.0678162
4.25 -2.75 -0.0742054
4.25 -2.5 -0.0794367
4.25 -2.25 -0.0831474
4.25 -2 -0.0849219
4.25 -1.75 -0.0843178
4.25 -1.5 -0.0809158
4.25 -1.25 -0.0743936
4.25 -1 -0.0646157
4.25 -0.75 -0.0517147
4.25 -0.5 -0.0361299
4.25 -0.25 -0.0185824
4.25 0 -8.84756e-12
4.25 0.25 0.0185824
4.25 0.5 0.0361299
4.25 0.75 0.0517147
4.25 1 0.0646157
4.25 1.25 0.0743936
4.25 1.5 0.0809158
4.25 1.75 0.0843178
4.25 2 0.0849219
4.25 2.25 0.0831474
4.25 2.5 0.0794367
4.25 2.75 0.0742054
4.25 3 0.0678162
4.25 3.25 0.0605685
4.25 3.5 0.0527005
4.25 3.75 0.044395
4.25 4 0.0357891
4.25 4.25 0.0269831
4.25 4.5 0.0180497
4.25 4.75 0.00904192
4.25 5 0
4.5 -5 0
4.5 -4.75 -0.00600565
4.5 -4.5 -0.011985
4.5 -4.25 -0.0179074
4.5 -4 -0.0237336
4.5 -3.75 -0.0294108
4.5 -3.5 -0.0348675
4.5 -3.25 -0.0400076
4.5 -3 -0.0447053
4.5 -2.75 -0.0487999
4.5 -2.5 -0.0520933
4.5 -2.25 -0.0543514
4.5 -2 -0.0553135
4.5 -1.75 -0.0547113
4.5 -1.5 -0.0523014
4.5 -1.25 -0.0479091
4.5 -1 -0.0414779
4.5 -0.75 -0.0331111
4.5 -0.5 -0.0230906
4.5 -0.25 -0.0118633
4.5 0 -6.07896e-12
4.5 0.25 0.0118633
4.5 0.5 0.0230906
4.5 0.75 0.0331111
4.5 1 0.0414779
4.5 1.25 0.0479091
4.5 1.5 0.0523014
4.5 1.75 0.0547113
4.5 2 0.0553135
4.5 2.25 0.0543514
4.5 2.5 0.0520933
4.5 2.75 0.0487999
4.5 3 0.0447053
4.5 3.25 0.0400076
4.5 3.5 0.0348675
4.5 3.75 0.0294108
4.5 4 0.0237336
4.5 4.25 0.0179074
4.5 4.5 0.011985
4.5 4.75 0.00600565
4.5 5 0
4.75 -5 0
4.75 -4.75 -0.0029957
4.75 -4.5 -0.00597715
4.75 -4.25 -0.00892794
4.75 -4 -0.0118272
4.75 -3.75 -0.0146472
4.75 -3.5 -0.0173509
4.75 -3.25 -0.019889
4.75 -3 -0.0221975
4.75 -2.75 -0.0241956
4.75 -2.5 -0.0257851
4.75 -2.25 -0.0268515
4.75 -2 -0.0272694
4.75 -1.75 -0.0269125
4.75 -1.5 -0.0256694
4.75 -1.25 -0.0234635
4.75 -1 -0.0202756
4.75 -0.75 -0.0161612
4.75 -0.5 -0.011258
4.75 -0.25 -0.00578034
4.75 0 -3.08128e-12
4.75 0.25 0.00578034
4.75 0.5 0.011258
4.75 0.75 0.0161612
4.75 1 0.0202756
4.75 1.25 0.0234635
4.75 1.5 0.0256694
4.75 1.75 0.0269125
4.75 2 0.0272694
4.75 2.25 0.0268515
4.75 2.5 0.0257851
4.75 2.75 0.0241956
4.75 3 0.0221975
4.75 3.25 0.019889
4.75 3.5 0.0173509
4.75 3.75 0.0146472
4.75 4 0.0118272
4.75 4.25 0.00892794
4.75 4.5 0.00597715
4.75 4.75 0.0029957
4.75 5 0
5 -5 0
5 -4.75 0
5 -4.5 0
5 -4.25 0
5 -4 0
5 -3.75 0
5 -3.5 0
5 -3.25 0
5 -3 0
5 -2.75 0
5 -2.5 0
5 -2.25 0
5 -2 0
5 -1.75 0
5 -1.5 0
5 -1.25 0
5 -1 0
5 -0.75 0
5 -0.5 0
5 -0.25 0
5 0 0
5 0.25 0
5 0.5 0
5 0.75 0
5 1 0
5 1.25 0
5 1.5 0
5 1.75 0
5 2 0
5 2.25 0
5 2.5 0
5 2.75 0
5 3 0
5 3.25 0
5 3.5 0
5 3.75 0
5 4 0
5 4.25 0
5 4.5 0
5 4.75 0
5 5 0
